1	-204.023
2049	-135.291
4097	-134.226
6145	-133.16
8193	-127.896
10241	-101.025
12289	-112.394
14337	-104.749
16385	-102.695
18433	-95.2816
20481	-101.199
22529	-104.01
24577	-106.146
26625	-103.884
28673	-113.661
30721	-122.866
32769	-106.738
34817	-101.521
36865	-103.302
38913	-113.505
40961	-117.105
43009	-114.139
45057	-99.9702
47105	-107.301
49153	-104.816
51201	-105.806
53249	-104.948
55297	-110.805
57345	-94.7198
59393	-108.472
61441	-105.874
63489	-116.914
65537	-113.355
67585	-111.471
69633	-107.625
71681	-97.725
73729	-105.439
75777	-105.24
77825	-103.145
79873	-105.467
81921	-91.4606
83969	-99.0897
86017	-100.243
88065	-100.74
90113	-105.518
92161	-106.228
94209	-109.303
96257	-102.431
98305	-97.9227
100353	-90.9395
102401	-108.47
104449	-97.0802
106497	-99.8674
108545	-99.9785
110593	-90.7226
112641	-90.5053
114689	-94.1139
116737	-83.5124
118785	-95.2176
120833	-99.9356
122881	-97.33
124929	-91.7614
126977	-84.039
129025	-84.9745
131073	-86.9465
133121	-89.0337
135169	-96.5321
137217	-82.3476
139265	-82.9833
141313	-86.6043
143361	-81.9056
145409	-91.8759
147457	-88.8726
149505	-90.1402
151553	-83.0243
153601	-88.2201
155649	-85.1477
157697	-95.5657
159745	-92.5418
161793	-86.7152
163841	-85.8977
165889	-91.9224
167937	-102.933
169985	-101.909
172033	-88.7933
174081	-94.7173
176129	-93.0924
178177	-91.7215
180225	-91.1267
182273	-93.8117
184321	-85.483
186369	-84.6514
188417	-87.5461
190465	-86.6661
192513	-97.6634
194561	-88.5014
196609	-91.8112
198657	-82.2107
200705	-89.5338
202753	-90.4272
204801	-91.0776
206849	-93.2572
208897	-83.6435
210945	-83.7998
212993	-87.3588
215041	-95.6705
217089	-88.3937
219137	-94.7883
221185	-89.1725
223233	-96.3762
225281	-90.2584
227329	-93.8474
229377	-86.5826
231425	-88.6547
233473	-101.164
235521	-86.1658
237569	-91.5151
239617	-86.6277
241665	-88.2128
243713	-88.5725
245761	-93.701
247809	-82.683
249857	-83.7421
251905	-87.1752
253953	-90.2847
256001	-89.8174
258049	-90.5174
260097	-92.774
262145	-108.472
264193	-88.7414
266241	-103.602
268289	-93.1814
270337	-87.1891
272385	-90.6355
274433	-87.2763
276481	-99.4312
278529	-89.8206
280577	-86.812
282625	-94.6009
284673	-75.3409
286721	-86.9809
288769	-89.1878
290817	-88.1694
292865	-89.3791
294913	-89.9167
296961	-96.2082
299009	-91.9157
301057	-88.3627
303105	-91.3302
305153	-89.7619
307201	-94.5343
309249	-80.2119
311297	-84.9101
313345	-81.0626
315393	-90.1129
317441	-98.2837
319489	-88.314
321537	-84.9409
323585	-86.8358
325633	-81.3618
327681	-91.8147
329729	-81.5142
331777	-89.834
333825	-90.0681
335873	-84.473
337921	-80.6036
339969	-90.5533
342017	-85.2004
344065	-81.0543
346113	-91.3766
348161	-105.736
350209	-82.7886
352257	-89.436
354305	-83.2307
356353	-84.645
358401	-84.4573
360449	-83.6416
362497	-89.1171
364545	-91.3232
366593	-89.1448
368641	-83.8704
370689	-83.1938
372737	-93.5705
374785	-90.125
376833	-80.4755
378881	-88.3076
380929	-88.5512
382977	-78.233
385025	-79.0457
387073	-82.0438
389121	-86.688
391169	-88.5478
393217	-78.0033
395265	-91.5687
397313	-80.6706
399361	-92.4239
401409	-86.6077
403457	-87.0728
405505	-95.081
407553	-100.825
409601	-95.0732
411649	-97.9221
413697	-89.8197
415745	-84.1705
417793	-92.7915
419841	-85.035
421889	-86.969
423937	-93.0338
425985	-96.4349
428033	-86.6513
430081	-90.1944
432129	-88.0662
434177	-79.8958
436225	-89.2164
438273	-84.7142
440321	-79.1522
442369	-89.3219
444417	-90.0947
446465	-91.0577
448513	-87.2382
450561	-89.4897
452609	-93.1726
454657	-91.3011
456705	-85.2971
458753	-86.9154
460801	-91.8692
462849	-91.6945
464897	-88.3347
466945	-95.8025
468993	-96.0809
471041	-98.4088
473089	-93.2346
475137	-84.4143
477185	-91.3236
479233	-87.6305
481281	-86.8558
483329	-96.1208
485377	-87.9933
487425	-83.4197
489473	-90.947
491521	-87.9092
493569	-93.8769
495617	-99.1958
497665	-96.842
499713	-92.8228
501761	-91.8903
503809	-83.1338
505857	-91.013
507905	-88.6755
509953	-98.0244
512001	-100.079
514049	-102.576
516097	-110.293
518145	-86.3104
520193	-95.2159
522241	-86.1277
524289	-88.6134
526337	-91.226
528385	-91.0924
530433	-90.6965
532481	-83.2383
534529	-84.8787
536577	-88.2468
538625	-81.9686
540673	-82.9837
542721	-92.5831
544769	-91.6978
546817	-78.4145
548865	-98.6155
550913	-92.3527
552961	-86.5916
555009	-89.2658
557057	-88.2593
559105	-94.6579
561153	-87.9499
563201	-87.2675
565249	-91.2065
567297	-92.551
569345	-89.0715
571393	-84.3839
573441	-85.8896
575489	-85.4681
577537	-99.6107
579585	-88.8533
581633	-100.954
583681	-80.5123
585729	-81.3936
587777	-80.6762
589825	-91.5941
591873	-79.5975
593921	-91.6271
595969	-91.4813
598017	-81.4844
600065	-95.4254
602113	-99.3027
604161	-85.8735
606209	-89.5936
608257	-86.1356
610305	-99.2364
612353	-80.5183
614401	-86.0989
616449	-85.1524
618497	-90.8356
620545	-88.9656
622593	-91.0138
624641	-92.1147
626689	-88.6612
628737	-87.4445
630785	-89.5953
632833	-97.6159
634881	-80.9791
636929	-93.0124
638977	-91.0773
641025	-94.8127
643073	-85.7418
645121	-85.1156
647169	-91.6102
649217	-97.3577
651265	-94.5737
653313	-94.6626
655361	-87.8394
657409	-86.8202
659457	-98.3496
661505	-81.6426
663553	-90.9922
665601	-97.702
667649	-90.1997
669697	-89.7493
671745	-90.4322
673793	-90.7488
675841	-87.2635
677889	-84.9216
679937	-87.1528
681985	-90.9744
684033	-84.4437
686081	-82.1323
688129	-84.6545
690177	-88.029
692225	-90.192
694273	-89.9477
696321	-85.2242
698369	-87.927
700417	-87.8651
702465	-99.9061
704513	-89.7103
706561	-95.6181
708609	-98.9015
710657	-96.1721
712705	-87.8097
714753	-90.0986
716801	-85.7418
718849	-84.5257
720897	-90.8636
722945	-92.7571
724993	-92.097
727041	-92.2189
729089	-96.3326
731137	-97.6888
733185	-93.6674
735233	-85.6455
737281	-81.9747
739329	-86.5063
741377	-100.593
743425	-94.3728
745473	-91.7873
747521	-88.8625
749569	-81.9418
751617	-90.56
753665	-90.2704
755713	-94.8172
757761	-91.008
759809	-98.4942
761857	-103.652
763905	-85.3878
765953	-88.2515
768001	-89.1991
770049	-97.6077
772097	-93.9242
774145	-89.2444
776193	-83.4773
778241	-85.4944
780289	-88.0473
782337	-79.2015
784385	-92.7594
786433	-93.1163
788481	-87.4497
790529	-89.0636
792577	-96.0969
794625	-89.7063
796673	-93.6948
798721	-94.3198
800769	-95.0254
802817	-82.6562
804865	-85.3245
806913	-84.7375
808961	-84.0198
811009	-80.7398
813057	-83.0621
815105	-83.3927
817153	-86.8544
819201	-101.946
821249	-87.1982
823297	-85.3816
825345	-95.8939
827393	-93.1355
829441	-94.2408
831489	-95.8374
833537	-96.5468
835585	-86.7261
837633	-83.9841
839681	-88.3774
841729	-91.6814
843777	-84.7897
845825	-94.705
847873	-83.5829
849921	-89.235
851969	-89.6123
854017	-81.1814
856065	-94.2525
858113	-91.4907
860161	-92.635
862209	-87.442
864257	-96.5705
866305	-87.0889
868353	-91.1731
870401	-83.2959
872449	-82.7547
874497	-89.0257
876545	-86.3071
878593	-85.8643
880641	-91.563
882689	-90.3812
884737	-84.3095
886785	-82.4862
888833	-89.9284
890881	-82.4118
892929	-90.0139
894977	-95.5727
897025	-96.3339
899073	-83.9463
901121	-87.2221
903169	-88.6424
905217	-89.5123
907265	-100.798
909313	-94.7978
911361	-89.1967
913409	-96.4267
915457	-89.4646
917505	-92.307
919553	-93.7445
921601	-91.8244
923649	-97.0919
925697	-104.403
927745	-87.2977
929793	-84.1062
931841	-91.5252
933889	-93.4421
935937	-89.2626
937985	-90.0571
940033	-87.5748
942081	-86.4454
944129	-93.0261
946177	-95.4853
948225	-85.0692
950273	-85.9625
952321	-89.1907
954369	-95.4684
956417	-87.9635
958465	-115.192
960513	-111.139
962561	-91.1658
964609	-96.6525
966657	-90.1304
968705	-86.365
970753	-93.8607
972801	-92.3611
974849	-87.0047
976897	-90.5778
978945	-85.0624
980993	-82.4566
983041	-94.4774
985089	-96.3078
987137	-84.333
989185	-94.9169
991233	-93.7058
993281	-86.6539
995329	-94.6651
997377	-82.0078
999425	-82.2827
1001473	-99.2778
1003521	-93.031
1005569	-88.2491
1007617	-89.5635
1009665	-92.0676
1011713	-98.2141
1013761	-88.5573
1015809	-86.0011
1017857	-98.5124
1019905	-96.1914
1021953	-80.9702
1024001	-93.6011
1026049	-94.8607
1028097	-96.6913
1030145	-85.4912
1032193	-93.4731
1034241	-85.7663
1036289	-80.9341
1038337	-107.257
1040385	-83.3775
1042433	-92.3957
1044481	-95.1371
1046529	-97.1113
1048577	-91.8114
1050625	-90.258
1052673	-91.5492
1054721	-91.3278
1056769	-100.478
1058817	-104.377
1060865	-92.7005
1062913	-82.7545
1064961	-98.8769
1067009	-88.3808
1069057	-96.4986
1071105	-101.239
1073153	-107.269
1075201	-89.8355
1077249	-92.8529
1079297	-101.658
1081345	-79.7674
1083393	-91.7115
1085441	-94.3056
1087489	-101.536
1089537	-96.949
1091585	-94.0459
1093633	-91.4597
1095681	-91.9374
1097729	-97.1518
1099777	-91.6687
1101825	-95.2941
1103873	-96.1089
1105921	-99.9606
1107969	-84.6846
1110017	-82.3967
1112065	-95.8667
1114113	-89.1606
1116161	-94.5165
1118209	-85.892
1120257	-99.1358
1122305	-95.8158
1124353	-87.4549
1126401	-91.0162
1128449	-88.6494
1130497	-90.4933
1132545	-86.1526
1134593	-87.8388
1136641	-100.191
1138689	-102.487
1140737	-92.9425
1142785	-92.6473
1144833	-85.0633
1146881	-91.4955
1148929	-95.0851
1150977	-93.6288
1153025	-101.29
1155073	-110.537
1157121	-97.1447
1159169	-87.2366
1161217	-92.9224
1163265	-93.4577
1165313	-93.1632
1167361	-91.7843
1169409	-100.523
1171457	-86.5221
1173505	-85.4062
1175553	-83.1607
1177601	-89.2254
1179649	-98.3679
1181697	-100.48
1183745	-87.1958
1185793	-90.2841
1187841	-95.4978
1189889	-88.606
1191937	-87.3133
1193985	-87.8621
1196033	-94.8422
1198081	-92.6974
1200129	-85.736
1202177	-91.5992
1204225	-88.7808
1206273	-83.4871
1208321	-87.4145
1210369	-93.648
1212417	-84.4623
1214465	-92.811
1216513	-90.9415
1218561	-86.0495
1220609	-83.4133
1222657	-89.8891
1224705	-87.0611
1226753	-80.2695
1228801	-85.4773
1230849	-88.6615
1232897	-103.815
1234945	-93.7102
1236993	-85.914
1239041	-86.9386
1241089	-99.2687
1243137	-96.4357
1245185	-84.1652
1247233	-86.3861
1249281	-86.3052
1251329	-82.0718
1253377	-84.9131
1255425	-84.084
1257473	-91.3569
1259521	-77.8199
1261569	-96.9449
1263617	-87.582
1265665	-95.5345
1267713	-95.0677
1269761	-88.8051
1271809	-89.9378
1273857	-102.136
1275905	-101.575
1277953	-96.9819
1280001	-110.969
1282049	-96.637
1284097	-105.145
1286145	-101.581
1288193	-93.4733
1290241	-102.001
1292289	-90.8908
1294337	-113.635
1296385	-109.505
1298433	-85.6587
1300481	-85.6105
1302529	-82.0657
1304577	-84.3068
1306625	-88.4477
1308673	-87.3227
1310721	-84.219
1312769	-95.7035
1314817	-88.2266
1316865	-97.8292
1318913	-94.8394
1320961	-86.8367
1323009	-82.0568
1325057	-87.8747
1327105	-92.6306
1329153	-90.3676
1331201	-93.6103
1333249	-88.6546
1335297	-86.0083
1337345	-93.5245
1339393	-91.1047
1341441	-84.5525
1343489	-79.1562
1345537	-82.0503
1347585	-83.1216
1349633	-91.0976
1351681	-91.6733
1353729	-95.3189
1355777	-90.268
1357825	-93.5569
1359873	-89.3887
1361921	-91.4234
1363969	-90.6303
1366017	-89.8047
1368065	-87.6444
1370113	-92.9455
1372161	-91.8954
1374209	-79.4547
1376257	-81.3226
1378305	-87.9991
1380353	-89.4747
1382401	-86.6595
1384449	-89.4635
1386497	-89.3293
1388545	-98.9258
1390593	-85.7656
1392641	-86.1344
1394689	-87.8464
1396737	-93.1299
1398785	-91.3269
1400833	-94.4045
1402881	-90.5842
1404929	-80.714
1406977	-92.8255
1409025	-76.94
1411073	-99.5057
1413121	-94.4081
1415169	-92.9971
1417217	-91.1764
1419265	-92.5542
1421313	-89.7874
1423361	-104.93
1425409	-81.9378
1427457	-87.6488
1429505	-89.0232
1431553	-78.8761
1433601	-80.8812
1435649	-86.8615
1437697	-85.372
1439745	-96.8066
1441793	-93.6157
1443841	-84.4635
1445889	-86.0826
1447937	-94.8883
1449985	-84.8972
1452033	-82.4688
1454081	-89.0959
1456129	-83.9942
1458177	-92.3758
1460225	-86.0509
1462273	-81.8403
1464321	-84.26
1466369	-91.7023
1468417	-88.3678
1470465	-81.6312
1472513	-81.7827
1474561	-85.5563
1476609	-103.764
1478657	-89.5369
1480705	-91.7342
1482753	-78.7262
1484801	-85.8401
1486849	-85.4851
1488897	-84.9917
1490945	-81.2673
1492993	-91.1226
1495041	-93.197
1497089	-92.6095
1499137	-78.9829
1501185	-85.5686
1503233	-93.6835
1505281	-81.2922
1507329	-94.0364
1509377	-85.9965
1511425	-84.3046
1513473	-85.0311
1515521	-90.1791
1517569	-92.0102
1519617	-86.8197
1521665	-87.1966
1523713	-94.4027
1525761	-87.6485
1527809	-97.3334
1529857	-85.6471
1531905	-81.7385
1533953	-83.7174
1536001	-94.5776
1538049	-87.5149
1540097	-91.0547
1542145	-93.5174
1544193	-104.563
1546241	-97.916
1548289	-87.39
1550337	-86.7244
1552385	-99.3225
1554433	-93.4916
1556481	-99.9556
1558529	-103.864
1560577	-100.423
1562625	-96.5977
1564673	-87.0439
1566721	-95.1065
1568769	-94.5861
1570817	-86.9189
1572865	-93.1992
1574913	-90.7112
1576961	-85.8331
1579009	-87.7785
1581057	-103.482
1583105	-84.3784
1585153	-90.3529
1587201	-88.7176
1589249	-86.4179
1591297	-95.7889
1593345	-87.5718
1595393	-90.6774
1597441	-86.5637
1599489	-76.99
1601537	-94.1551
1603585	-94.2886
1605633	-86.4905
1607681	-86.6826
1609729	-87.2165
1611777	-92.4919
1613825	-91.9835
1615873	-87.9248
1617921	-90.0644
1619969	-86.7957
1622017	-101.154
1624065	-93.0935
1626113	-90.4325
1628161	-83.1738
1630209	-89.5807
1632257	-85.4271
1634305	-80.129
1636353	-80.1914
1638401	-91.4398
1640449	-87.2495
1642497	-85.885
1644545	-89.8774
1646593	-94.4334
1648641	-88.3043
1650689	-91.6183
1652737	-91.5873
1654785	-78.7009
1656833	-90.8752
1658881	-90.0838
1660929	-94.5595
1662977	-102.913
1665025	-97.757
1667073	-82.0499
1669121	-87.5808
1671169	-89.4456
1673217	-92.6433
1675265	-85.0997
1677313	-80.6375
1679361	-83.9959
1681409	-97.2052
1683457	-85.7797
1685505	-90.3654
1687553	-94.0399
1689601	-86.8312
1691649	-89.245
1693697	-91.2362
1695745	-93.9166
1697793	-84.5167
1699841	-99.827
1701889	-102.643
1703937	-85.6003
1705985	-86.1479
1708033	-83.1548
1710081	-88.4726
1712129	-87.4428
1714177	-92.732
1716225	-91.1237
1718273	-81.0198
1720321	-87.6991
1722369	-91.2753
1724417	-84.6892
1726465	-85.1302
1728513	-84.0837
1730561	-88.0763
1732609	-82.8201
1734657	-89.2481
1736705	-83.7011
1738753	-82.5293
1740801	-87.0054
1742849	-87.8346
1744897	-99.731
1746945	-87.4189
1748993	-84.8053
1751041	-86.3119
1753089	-103.087
1755137	-97.1202
1757185	-87.4178
1759233	-82.0237
1761281	-90.4586
1763329	-93.7576
1765377	-80.6934
1767425	-85.9672
1769473	-87.0139
1771521	-95.9739
1773569	-90.7697
1775617	-100.174
1777665	-94.9834
1779713	-90.755
1781761	-87.9463
1783809	-86.8803
1785857	-102.193
1787905	-96.8033
1789953	-94.2256
1792001	-84.7256
1794049	-90.0204
1796097	-83.0594
1798145	-87.2768
1800193	-88.4998
1802241	-91.6819
1804289	-88.2924
1806337	-89.1685
1808385	-96.3399
1810433	-86.1905
1812481	-84.1132
1814529	-87.1286
1816577	-91.1267
1818625	-83.617
1820673	-94.1963
1822721	-86.6729
1824769	-86.1571
1826817	-85.4622
1828865	-86.8737
1830913	-86.2625
1832961	-96.4154
1835009	-85.8957
1837057	-99.1124
1839105	-86.6964
1841153	-82.7254
1843201	-83.482
1845249	-84.7166
1847297	-85.46
1849345	-86.0898
1851393	-90.3295
1853441	-85.0859
1855489	-86.4844
1857537	-77.1836
1859585	-83.7166
1861633	-87.3666
1863681	-93.1952
1865729	-94.588
1867777	-78.5073
1869825	-86.8525
1871873	-93.288
1873921	-83.8854
1875969	-83.2995
1878017	-89.3946
1880065	-100.932
1882113	-91.3899
1884161	-89.6783
1886209	-82.1659
1888257	-80.1099
1890305	-84.9758
1892353	-85.1514
1894401	-82.0852
1896449	-84.5139
1898497	-91.262
1900545	-96.8181
1902593	-84.064
1904641	-86.6132
1906689	-88.6379
1908737	-85.7446
1910785	-82.1041
1912833	-90.6921
1914881	-85.1106
1916929	-84.9487
1918977	-85.7251
1921025	-97.3693
1923073	-88.9225
1925121	-89.5176
1927169	-82.7781
1929217	-90.5312
1931265	-88.8094
1933313	-88.5045
1935361	-95.867
1937409	-86.1465
1939457	-91.1658
1941505	-92.1196
1943553	-90.6143
1945601	-89.8507
1947649	-90.6881
1949697	-80.5756
1951745	-92.3801
1953793	-91.0395
1955841	-91.5091
1957889	-92.1519
1959937	-91.3027
1961985	-98.1345
1964033	-108.387
1966081	-89.3348
1968129	-102.772
1970177	-93.4434
1972225	-87.5274
1974273	-87.4789
1976321	-96.683
1978369	-91.148
1980417	-79.9327
1982465	-87.335
1984513	-80.6563
1986561	-89.5599
1988609	-88.3969
1990657	-88.2888
1992705	-96.1241
1994753	-88.005
1996801	-103.589
1998849	-95.4085
2000897	-90.3907
2002945	-90.3181
2004993	-94.165
2007041	-84.6522
2009089	-97.5471
2011137	-87.372
2013185	-83.2712
2015233	-84.1116
2017281	-96.9892
2019329	-77.1245
2021377	-88.0429
2023425	-87.7647
2025473	-90.6095
2027521	-89.8318
2029569	-96.958
2031617	-98.8744
2033665	-87.1931
2035713	-89.8849
2037761	-86.8905
2039809	-90.0722
2041857	-96.1469
2043905	-86.6913
2045953	-94.311
2048001	-98.3866
2050049	-101.763
2052097	-84.5283
2054145	-89.4227
2056193	-81.0879
2058241	-96.5982
2060289	-88.3525
2062337	-95.0705
2064385	-95.4556
2066433	-94.7279
2068481	-110.96
2070529	-102.831
2072577	-89.7591
2074625	-89.5509
2076673	-83.6823
2078721	-83.4293
2080769	-87.8831
2082817	-86.2025
2084865	-85.4611
2086913	-93.5574
2088961	-87.0958
2091009	-88.2774
2093057	-97.5534
2095105	-90.2611
2097153	-84.9348
2099201	-84.6813
2101249	-85.8362
2103297	-92.4157
2105345	-95.9537
2107393	-91.603
2109441	-87.9937
2111489	-89.3713
2113537	-95.4449
2115585	-99.443
2117633	-88.2798
2119681	-86.9215
2121729	-91.2428
2123777	-91.3528
2125825	-89.5814
2127873	-95.922
2129921	-89.7028
2131969	-85.2105
2134017	-80.7189
2136065	-88.4546
2138113	-84.728
2140161	-90.2672
2142209	-90.2964
2144257	-77.1835
2146305	-82.4619
2148353	-95.4059
2150401	-86.8878
2152449	-91.2576
2154497	-94.0498
2156545	-85.3966
2158593	-85.1574
2160641	-97.1844
2162689	-83.6429
2164737	-94.9795
2166785	-89.7406
2168833	-94.1446
2170881	-108.456
2172929	-103.712
2174977	-92.6838
2177025	-95.741
2179073	-80.0178
2181121	-85.5856
2183169	-91.7301
2185217	-85.2367
2187265	-76.3804
2189313	-92.0046
2191361	-85.7382
2193409	-87.5972
2195457	-98.8384
2197505	-88.359
2199553	-84.4247
2201601	-105.95
2203649	-95.7199
2205697	-90.2916
2207745	-81.658
2209793	-86.3733
2211841	-88.0467
2213889	-90.3324
2215937	-89.0453
2217985	-91.9032
2220033	-88.7782
2222081	-97.3226
2224129	-84.796
2226177	-87.6307
2228225	-87.6868
2230273	-90.6522
2232321	-94.8958
2234369	-94.7523
2236417	-82.8809
2238465	-85.7595
2240513	-84.6442
2242561	-84.2139
2244609	-78.0389
2246657	-89.3683
2248705	-84.8586
2250753	-90.0975
2252801	-90.5933
2254849	-92.6438
2256897	-90.7334
2258945	-85.4464
2260993	-100.606
2263041	-85.4413
2265089	-83.3602
2267137	-87.9836
2269185	-87.8599
2271233	-94.5635
2273281	-87.1397
2275329	-96.6452
2277377	-94.4649
2279425	-84.0104
2281473	-85.277
2283521	-87.9469
2285569	-91.5618
2287617	-99.3166
2289665	-97.3133
2291713	-103.414
2293761	-100.411
2295809	-94.4588
2297857	-83.0444
2299905	-89.2598
2301953	-97.6632
2304001	-96.0581
2306049	-86.6984
2308097	-92.4114
2310145	-89.5112
2312193	-108.183
2314241	-82.0788
2316289	-94.7833
2318337	-96.8684
2320385	-84.0768
2322433	-94.9759
2324481	-87.9611
2326529	-82.96
2328577	-88.3815
2330625	-95.1341
2332673	-83.0772
2334721	-90.551
2336769	-98.2036
2338817	-85.7072
2340865	-86.7412
2342913	-93.5962
2344961	-83.1025
2347009	-85.9737
2349057	-85.9461
2351105	-80.8407
2353153	-79.0226
2355201	-100.78
2357249	-86.713
2359297	-94.7561
2361345	-91.5215
2363393	-91.6512
2365441	-87.4863
2367489	-97.0431
2369537	-90.3752
2371585	-87.0297
2373633	-97.9738
2375681	-89.1152
2377729	-86.5765
2379777	-88.4272
2381825	-95.4702
2383873	-87.2352
2385921	-89.6793
2387969	-91.6389
2390017	-85.3034
2392065	-102.341
2394113	-84.2402
2396161	-82.6799
2398209	-89.6184
2400257	-99.0567
2402305	-91.5415
2404353	-105.708
2406401	-106.414
2408449	-88.7154
2410497	-89.5046
2412545	-90.835
2414593	-98.8045
2416641	-87.2942
2418689	-84.0867
2420737	-90.729
2422785	-92.3999
2424833	-84.0036
2426881	-83.1338
2428929	-92.2339
2430977	-83.6394
2433025	-98.8419
2435073	-93.1168
2437121	-99.493
2439169	-92.7743
2441217	-85.2646
2443265	-78.4548
2445313	-83.2313
2447361	-86.956
2449409	-94.2301
2451457	-93.9527
2453505	-91.1342
2455553	-85.6876
2457601	-93.0068
2459649	-88.6697
2461697	-96.6728
2463745	-91.9422
2465793	-90.125
2467841	-83.6037
2469889	-93.3001
2471937	-106.892
2473985	-92.5105
2476033	-91.3768
2478081	-89.4755
2480129	-87.1634
2482177	-90.3935
2484225	-93.5624
2486273	-89.241
2488321	-79.5358
2490369	-87.253
2492417	-85.327
2494465	-83.4917
2496513	-83.6927
2498561	-79.0508
2500609	-90.9624
2502657	-93.821
2504705	-86.9495
2506753	-94.2785
2508801	-94.6932
2510849	-81.8694
2512897	-88.8219
2514945	-91.7837
2516993	-90.5168
2519041	-102.058
2521089	-93.9892
2523137	-89.0275
2525185	-97.153
2527233	-92.3817
2529281	-85.5182
2531329	-82.4465
2533377	-88.2936
2535425	-93.3875
2537473	-96.1354
2539521	-90.428
2541569	-81.5869
2543617	-85.6874
2545665	-86.739
2547713	-86.8238
2549761	-87.4542
2551809	-93.1323
2553857	-86.0174
2555905	-92.8066
2557953	-90.2714
2560001	-93.8118
2562049	-103.901
2564097	-96.0794
2566145	-90.0486
2568193	-84.4592
2570241	-91.9826
2572289	-86.1432
2574337	-83.0539
2576385	-77.9215
2578433	-91.9736
2580481	-93.5669
2582529	-89.9069
2584577	-93.8332
2586625	-87.2931
2588673	-102.009
2590721	-95.448
2592769	-87.4526
2594817	-84.1414
2596865	-88.2999
2598913	-99.4943
2600961	-84.3438
2603009	-98.7012
2605057	-82.8966
2607105	-79.7126
2609153	-79.7987
2611201	-87.9548
2613249	-97.594
2615297	-91.7811
2617345	-89.6985
2619393	-79.3937
2621441	-83.5589
2623489	-98.9946
2625537	-89.4987
2627585	-84.1893
2629633	-84.9235
2631681	-90.177
2633729	-109.508
2635777	-93.007
2637825	-90.1454
2639873	-87.0592
2641921	-95.7916
2643969	-84.578
2646017	-83.4984
2648065	-90.0119
2650113	-92.5399
2652161	-91.9478
2654209	-96.6381
2656257	-86.5145
2658305	-101.32
2660353	-96.1155
2662401	-91.2347
2664449	-95.5003
2666497	-84.1995
2668545	-86.3903
2670593	-101.988
2672641	-94.3143
2674689	-92.9187
2676737	-92.0566
2678785	-89.4028
2680833	-95.4721
2682881	-92.1431
2684929	-100.572
2686977	-98.2783
2689025	-88.2978
2691073	-86.135
2693121	-87.2713
2695169	-93.14
2697217	-95.7091
2699265	-95.5921
2701313	-93.9468
2703361	-99.1832
2705409	-93.8174
2707457	-99.8358
2709505	-94.3511
2711553	-93.18
2713601	-90.5484
2715649	-97.1543
2717697	-92.4238
2719745	-98.9608
2721793	-105.948
2723841	-83.1471
2725889	-93.6497
2727937	-89.9045
2729985	-91.6643
2732033	-85.86
2734081	-83.0589
2736129	-81.6342
2738177	-77.8572
2740225	-88.1439
2742273	-91.9795
2744321	-85.1715
2746369	-100.02
2748417	-94.2777
2750465	-95.3767
2752513	-93.9716
2754561	-93.4762
2756609	-90.288
2758657	-80.4802
2760705	-90.6122
2762753	-96.5631
2764801	-94.3387
2766849	-90.4027
2768897	-82.6011
2770945	-88.2306
2772993	-88.4215
2775041	-84.238
2777089	-87.5211
2779137	-106.282
2781185	-87.3518
2783233	-86.7799
2785281	-85.7007
2787329	-101.353
2789377	-86.0242
2791425	-86.7925
2793473	-87.1388
2795521	-90.0892
2797569	-96.0929
2799617	-97.9986
2801665	-92.7559
2803713	-90.617
2805761	-92.964
2807809	-99.6011
2809857	-96.2212
2811905	-91.1724
2813953	-103.208
2816001	-100.802
2818049	-87.8823
2820097	-87.8665
2822145	-82.2316
2824193	-90.5505
2826241	-83.7188
2828289	-88.5754
2830337	-82.9832
2832385	-92.9991
2834433	-91.2554
2836481	-92.7448
2838529	-93.2139
2840577	-89.6984
2842625	-86.9138
2844673	-88.4685
2846721	-102.629
2848769	-79.3458
2850817	-89.41
2852865	-83.8224
2854913	-83.9115
2856961	-86.8394
2859009	-93.3408
2861057	-90.8433
2863105	-81.9709
2865153	-87.3086
2867201	-88.2029
2869249	-83.2605
2871297	-94.9414
2873345	-90.8517
2875393	-84.28
2877441	-92.517
2879489	-94.1735
2881537	-91.1141
2883585	-86.1305
2885633	-90.1312
2887681	-86.7845
2889729	-88.4198
2891777	-92.0487
2893825	-80.3995
2895873	-84.5921
2897921	-93.405
2899969	-94.4004
2902017	-95.9773
2904065	-91.8385
2906113	-93.312
2908161	-93.6618
2910209	-88.9128
2912257	-83.9375
2914305	-95.6067
2916353	-80.285
2918401	-96.8855
2920449	-101.094
2922497	-86.8735
2924545	-98.2423
2926593	-94.6291
2928641	-90.9777
2930689	-88.5761
2932737	-100.089
2934785	-94.3074
2936833	-82.8514
2938881	-86.4901
2940929	-98.3382
2942977	-99.7462
2945025	-94.0911
2947073	-89.9392
2949121	-89.1318
2951169	-96.5561
2953217	-91.1978
2955265	-91.0185
2957313	-92.6099
2959361	-89.8812
2961409	-89.8539
2963457	-90.2113
2965505	-80.7097
2967553	-85.4056
2969601	-102.344
2971649	-90.9724
2973697	-84.2293
2975745	-100.387
2977793	-92.6167
2979841	-88.7167
2981889	-91.4876
2983937	-89.5704
2985985	-96.7217
2988033	-86.7301
2990081	-96.8173
2992129	-85.6466
2994177	-88.0322
2996225	-98.9583
2998273	-83.5566
3000321	-88.0113
3002369	-91.0373
3004417	-88.0793
3006465	-90.4439
3008513	-88.974
3010561	-84.5077
3012609	-94.2232
3014657	-88.4037
3016705	-84.2522
3018753	-77.4633
3020801	-83.7042
3022849	-92.1243
3024897	-99.7721
3026945	-95.0277
3028993	-106.647
3031041	-100.037
3033089	-96.3295
3035137	-93.5818
3037185	-78.1757
3039233	-98.03
3041281	-96.0757
3043329	-93.345
3045377	-86.7934
3047425	-91.8957
3049473	-87.7905
3051521	-89.5733
3053569	-98.8135
3055617	-88.9761
3057665	-86.8659
3059713	-105.838
3061761	-89.2751
3063809	-95.131
3065857	-106.034
3067905	-95.4859
3069953	-97.713
3072001	-89.9993
3074049	-88.0493
3076097	-89.7664
3078145	-111.631
3080193	-91.357
3082241	-80.7759
3084289	-92.4437
3086337	-90.8591
3088385	-90.4966
3090433	-89.245
3092481	-87.3062
3094529	-90.6085
3096577	-95.5195
3098625	-91.6064
3100673	-88.4382
3102721	-95.3497
3104769	-88.3328
3106817	-87.1216
3108865	-95.1705
3110913	-84.5436
3112961	-100.65
3115009	-75.2869
3117057	-98.5142
3119105	-84.2942
3121153	-99.4219
3123201	-86.7915
3125249	-88.7536
3127297	-88.1831
3129345	-92.3257
3131393	-88.4766
3133441	-95.2371
3135489	-97.0783
3137537	-94.4796
3139585	-97.4923
3141633	-104.449
3143681	-96.1525
3145729	-88.3716
3147777	-94.5797
3149825	-101.397
3151873	-87.6584
3153921	-87.2653
3155969	-98.542
3158017	-95.5219
3160065	-84.1682
3162113	-95.3951
3164161	-101.501
3166209	-85.4383
3168257	-82.5965
3170305	-85.4129
3172353	-83.5083
3174401	-86.2292
3176449	-82.3637
3178497	-84.7109
3180545	-84.6996
3182593	-80.382
3184641	-97.0526
3186689	-88.2566
3188737	-83.0383
3190785	-88.2162
3192833	-96.5007
3194881	-86.7066
3196929	-85.0172
3198977	-83.8061
3201025	-84.1141
3203073	-85.5574
3205121	-96.2954
3207169	-85.3432
3209217	-83.7528
3211265	-85.2247
3213313	-92.774
3215361	-87.7754
3217409	-92.7077
3219457	-86.9379
3221505	-94.7299
3223553	-85.9873
3225601	-82.1406
3227649	-90.9662
3229697	-92.8423
3231745	-86.2839
3233793	-85.1834
3235841	-91.6827
3237889	-88.6241
3239937	-89.8543
3241985	-86.7084
3244033	-85.7777
3246081	-87.3928
3248129	-100.456
3250177	-74.3124
3252225	-89.0206
3254273	-82.2113
3256321	-89.4296
3258369	-98.9031
3260417	-89.0638
3262465	-99.2823
3264513	-87.7757
3266561	-91.1397
3268609	-97.3082
3270657	-87.2442
3272705	-87.2505
3274753	-91.1504
3276801	-102.113
3278849	-97.4668
3280897	-95.572
3282945	-85.9796
3284993	-84.6877
3287041	-104.364
3289089	-93.348
3291137	-86.7694
3293185	-92.2521
3295233	-91.2386
3297281	-87.3585
3299329	-94.4672
3301377	-95.8006
3303425	-92.8033
3305473	-88.0059
3307521	-89.2852
3309569	-90.6484
3311617	-80.1295
3313665	-86.8746
3315713	-78.1757
3317761	-87.3364
3319809	-82.4651
3321857	-90.9812
3323905	-84.3704
3325953	-92.1432
3328001	-87.8417
3330049	-82.1447
3332097	-90.7957
3334145	-90.3503
3336193	-101.549
3338241	-85.2319
3340289	-101.574
3342337	-100.202
3344385	-93.5565
3346433	-82.9631
3348481	-95.5208
3350529	-87.3673
3352577	-88.5244
3354625	-83.4327
3356673	-95.4872
3358721	-95.996
3360769	-94.7982
3362817	-110.99
3364865	-83.3183
3366913	-99.5779
3368961	-100.345
3371009	-92.6123
3373057	-93.3247
3375105	-83.5333
3377153	-97.0906
3379201	-95.6932
3381249	-105.941
3383297	-100.985
3385345	-89.6825
3387393	-87.3867
3389441	-89.8411
3391489	-90.9717
3393537	-95.5873
3395585	-92.1357
3397633	-86.969
3399681	-90.7519
3401729	-99.1731
3403777	-83.4386
3405825	-85.0515
3407873	-88.9881
3409921	-92.8621
3411969	-85.3662
3414017	-82.5597
3416065	-89.5728
3418113	-100.114
3420161	-101.524
3422209	-95.3381
3424257	-93.1706
3426305	-92.2829
3428353	-90.8328
3430401	-106.214
3432449	-100.458
3434497	-93.2803
3436545	-90.1783
3438593	-88.4901
3440641	-88.7934
3442689	-93.4943
3444737	-90.8246
3446785	-91.1697
3448833	-89.9915
3450881	-100.935
3452929	-93.1411
3454977	-95.0074
3457025	-94.9797
3459073	-96.6114
3461121	-87.8636
3463169	-87.4575
3465217	-100.247
3467265	-93.383
3469313	-85.1678
3471361	-93.3635
3473409	-84.815
3475457	-103.747
3477505	-96.0177
3479553	-91.2935
3481601	-103.776
3483649	-106.267
3485697	-98.6939
3487745	-97.8911
3489793	-93.8402
3491841	-94.1116
3493889	-89.3359
3495937	-94.3327
3497985	-105.991
3500033	-92.4692
3502081	-100.533
3504129	-78.9817
3506177	-90.845
3508225	-84.7351
3510273	-92.1682
3512321	-88.4708
3514369	-91.6475
3516417	-88.8285
3518465	-100.075
3520513	-86.816
3522561	-102.186
3524609	-86.7227
3526657	-84.4499
3528705	-93.9214
3530753	-100.224
3532801	-82.9443
3534849	-98.586
3536897	-99.4612
3538945	-96.0556
3540993	-93.8601
3543041	-82.9476
3545089	-103.5
3547137	-79.7126
3549185	-86.6048
3551233	-82.9931
3553281	-89.5812
3555329	-82.0287
3557377	-81.5333
3559425	-90.8973
3561473	-81.9968
3563521	-84.6571
3565569	-84.1852
3567617	-88.8055
3569665	-90.335
3571713	-90.5659
3573761	-88.7067
3575809	-84.7791
3577857	-89.6001
3579905	-91.8317
3581953	-90.0535
3584001	-84.275
3586049	-112
3588097	-84.9099
3590145	-89.5961
3592193	-91.017
3594241	-97.7
3596289	-85.3774
3598337	-91.7988
3600385	-88.6578
3602433	-82.7337
3604481	-85.2748
3606529	-92.9745
3608577	-90.6031
3610625	-93.3017
3612673	-90.7681
3614721	-91.0794
3616769	-85.1558
3618817	-88.3859
3620865	-89.9254
3622913	-84.288
3624961	-90.3914
3627009	-96.3766
3629057	-92.3823
3631105	-88.8291
3633153	-88.7709
3635201	-95.3294
3637249	-94.898
3639297	-96.182
3641345	-85.1791
3643393	-97.3502
3645441	-89.9603
3647489	-93.0832
3649537	-84.839
3651585	-85.7758
3653633	-84.3764
3655681	-93.5724
3657729	-83.4011
3659777	-91.3814
3661825	-90.5282
3663873	-80.9924
3665921	-97.6806
3667969	-93.2988
3670017	-99.4761
3672065	-91.7384
3674113	-93.7497
3676161	-90.431
3678209	-90.1678
3680257	-92.3766
3682305	-90.467
3684353	-81.6581
3686401	-86.8312
3688449	-88.3755
3690497	-87.6706
3692545	-88.2021
3694593	-94.3946
3696641	-100.442
3698689	-101.787
3700737	-95.7549
3702785	-87.3364
3704833	-98.7892
3706881	-97.8728
3708929	-90.065
3710977	-92.8968
3713025	-97.0222
3715073	-88.0896
3717121	-100.801
3719169	-95.6814
3721217	-93.9927
3723265	-94.3768
3725313	-101.13
3727361	-108.492
3729409	-84.5352
3731457	-90.2473
3733505	-88.4752
3735553	-88.8137
3737601	-87.3255
3739649	-89.5709
3741697	-91.4784
3743745	-89.6941
3745793	-95.3776
3747841	-90.1669
3749889	-80.8709
3751937	-90.7137
3753985	-90.2227
3756033	-77.5835
3758081	-86.6
3760129	-92.2192
3762177	-84.0026
3764225	-90.5871
3766273	-94.695
3768321	-88.1848
3770369	-101.324
3772417	-98.3784
3774465	-81.8444
3776513	-87.4791
3778561	-96.4273
3780609	-81.3315
3782657	-86.101
3784705	-91.6828
3786753	-90.2853
3788801	-91.1299
3790849	-95.664
3792897	-82.7836
3794945	-93.4134
3796993	-88.8964
3799041	-95.9884
3801089	-94.1774
3803137	-90.7617
3805185	-86.4746
3807233	-82.2146
3809281	-90.1263
3811329	-91.0994
3813377	-90.0074
3815425	-89.1567
3817473	-87.9419
3819521	-94.1819
3821569	-82.7706
3823617	-85.6683
3825665	-97.8812
3827713	-90.9138
3829761	-92.6647
3831809	-90.7021
3833857	-86.3604
3835905	-81.0662
3837953	-90.6045
3840001	-94.1437
3842049	-96.1259
3844097	-80.3535
3846145	-88.4543
3848193	-102.116
3850241	-83.3018
3852289	-90.8309
3854337	-95.4675
3856385	-85.1573
3858433	-90.6854
3860481	-87.7989
3862529	-95.2256
3864577	-89.163
3866625	-87.906
3868673	-86.843
3870721	-92.029
3872769	-81.9366
3874817	-85.7783
3876865	-94.4658
3878913	-82.0784
3880961	-83.3455
3883009	-87.438
3885057	-90.151
3887105	-90.6174
3889153	-91.3252
3891201	-89.2835
3893249	-81.9244
3895297	-86.4737
3897345	-84.051
3899393	-83.6561
3901441	-83.4022
3903489	-92.4527
3905537	-84.4629
3907585	-85.5411
3909633	-78.4381
3911681	-85.6558
3913729	-88.6816
3915777	-95.2146
3917825	-91.6614
3919873	-92.096
3921921	-80.1761
3923969	-86.0986
3926017	-93.0725
3928065	-78.3875
3930113	-92.8257
3932161	-92.3477
3934209	-88.714
3936257	-83.9209
3938305	-89.3868
3940353	-96.3023
3942401	-83.267
3944449	-85.2526
3946497	-91.9186
3948545	-83.7805
3950593	-89.3243
3952641	-90.9685
3954689	-85.9446
3956737	-88.329
3958785	-91.9943
3960833	-76.1944
3962881	-85.7489
3964929	-82.1835
3966977	-83.5809
3969025	-91.0031
3971073	-90.71
3973121	-94.8205
3975169	-99.224
3977217	-90.3054
3979265	-89.0722
3981313	-86.8306
3983361	-87.8185
3985409	-90.8637
3987457	-86.8784
3989505	-99.2971
3991553	-100.886
3993601	-89.894
3995649	-98.7839
3997697	-91.9239
3999745	-93.3164
4001793	-84.9975
4003841	-92.7998
4005889	-94.0473
4007937	-82.0698
4009985	-91.2739
4012033	-94.9344
4014081	-85.5202
4016129	-96.6816
4018177	-86.9627
4020225	-87.2991
4022273	-86.8239
4024321	-95.9014
4026369	-91.1945
4028417	-94.3453
4030465	-91.7855
4032513	-84.9319
4034561	-94.7108
4036609	-95.8704
4038657	-90.9245
4040705	-95.3794
4042753	-84.4951
4044801	-88.267
4046849	-93.234
4048897	-102.665
4050945	-88.1013
4052993	-83.2613
4055041	-87.709
4057089	-95.5261
4059137	-97.6356
4061185	-96.1542
4063233	-86.8302
4065281	-88.9471
4067329	-87.6386
4069377	-85.2205
4071425	-85.4235
4073473	-79.4054
4075521	-90.0775
4077569	-87.6152
4079617	-81.8241
4081665	-85.5926
4083713	-93.6835
4085761	-101.705
4087809	-87.1699
4089857	-91.9376
4091905	-81.985
4093953	-95.2977
4096001	-101.401
4098049	-87.3515
4100097	-81.9975
4102145	-89.6606
4104193	-93.3063
4106241	-87.5256
4108289	-90.9222
4110337	-101.227
4112385	-81.1804
4114433	-85.6222
4116481	-85.5354
4118529	-87.9501
4120577	-87.6411
4122625	-85.716
4124673	-84.5769
4126721	-105.99
4128769	-88.6977
4130817	-81.684
4132865	-90.1967
4134913	-95.4437
4136961	-89.1564
4139009	-85.3248
4141057	-94.7876
4143105	-97.278
4145153	-92.1231
4147201	-95.4926
4149249	-92.8053
4151297	-89.808
4153345	-98.0868
4155393	-101.027
4157441	-83.9333
4159489	-81.6834
4161537	-89.463
4163585	-83.7823
4165633	-97.7456
4167681	-85.4925
4169729	-84.4356
4171777	-82.3036
4173825	-90.7448
4175873	-93.2805
4177921	-93.1304
4179969	-90.9348
4182017	-97.9985
4184065	-91.9136
4186113	-81.886
4188161	-87.8245
4190209	-89.9041
4192257	-98.7964
4194305	-88.4883
4196353	-89.0278
4198401	-101.379
4200449	-90.9786
4202497	-87.7717
4204545	-86.9663
4206593	-89.0033
4208641	-79.2449
4210689	-87.8971
4212737	-82.9633
4214785	-83.2853
4216833	-96.0235
4218881	-89.0567
4220929	-82.151
4222977	-92.7601
4225025	-98.2665
4227073	-86.7815
4229121	-90.6853
4231169	-90.4418
4233217	-95.2011
4235265	-93.6769
4237313	-82.3942
4239361	-92.5354
4241409	-90.2748
4243457	-99.4619
4245505	-96.0376
4247553	-94.7972
4249601	-108.866
4251649	-94.3205
4253697	-101.625
4255745	-103.559
4257793	-95.6
4259841	-86.849
4261889	-107.502
4263937	-101.06
4265985	-94.6805
4268033	-96.776
4270081	-91.8646
4272129	-96.9005
4274177	-96.455
4276225	-92.1676
4278273	-104.796
4280321	-94.9605
4282369	-95.0655
4284417	-88.3224
4286465	-94.5382
4288513	-92.8848
4290561	-95.1008
4292609	-92.3897
4294657	-98.8357
4296705	-89.1822
4298753	-100.845
4300801	-95.3379
4302849	-88.4924
4304897	-92.3229
4306945	-99.426
4308993	-98.0673
4311041	-96.5876
4313089	-99.6715
4315137	-83.9889
4317185	-108.755
4319233	-90.5965
4321281	-89.7936
4323329	-92.9693
4325377	-81.6058
4327425	-102.008
4329473	-87.2585
4331521	-93.7566
4333569	-88.0962
4335617	-102.838
4337665	-84.3561
4339713	-86.4988
4341761	-92.8329
4343809	-108.446
4345857	-110.912
4347905	-87.0166
4349953	-83.3562
4352001	-88.9296
4354049	-86.6723
4356097	-86.4521
4358145	-81.2609
4360193	-85.7326
4362241	-96.327
4364289	-89.5815
4366337	-91.7027
4368385	-83.4601
4370433	-93.3806
4372481	-90.1512
4374529	-75.8191
4376577	-83.9236
4378625	-83.9143
4380673	-85.2664
4382721	-84.6291
4384769	-96.3271
4386817	-85.2553
4388865	-87.8527
4390913	-89.6791
4392961	-92.0309
4395009	-82.9866
4397057	-95.1308
4399105	-87.2803
4401153	-94.2938
4403201	-86.7835
4405249	-92.5182
4407297	-93.1524
4409345	-84.8124
4411393	-90.8597
4413441	-84.557
4415489	-81.2294
4417537	-88.8681
4419585	-84.7845
4421633	-86.3492
4423681	-84.2985
4425729	-81.0168
4427777	-81.5004
4429825	-84.1942
4431873	-98.3075
4433921	-88.2228
4435969	-91.9528
4438017	-86.9034
4440065	-87.7113
4442113	-89.1962
4444161	-96.9203
4446209	-93.7462
4448257	-90.6392
4450305	-81.5076
4452353	-86.8866
4454401	-90.1391
4456449	-88.7438
4458497	-85.3767
4460545	-100.74
4462593	-98.2904
4464641	-90.1243
4466689	-87.4133
4468737	-93.8212
4470785	-90.2697
4472833	-84.1952
4474881	-98.5485
4476929	-84.7947
4478977	-88.6868
4481025	-96.0995
4483073	-93.1461
4485121	-84.366
4487169	-81.5387
4489217	-95.5168
4491265	-88.5292
4493313	-80.378
4495361	-93.1826
4497409	-89.2062
4499457	-96.021
4501505	-89.4358
4503553	-81.6273
4505601	-84.5953
4507649	-87.618
4509697	-85.14
4511745	-81.6708
4513793	-83.1868
4515841	-90.0072
4517889	-81.854
4519937	-91.3599
4521985	-90.7165
4524033	-93.8015
4526081	-102.116
4528129	-84.648
4530177	-87.9587
4532225	-88.6258
4534273	-84.3955
4536321	-83.9154
4538369	-89.8174
4540417	-98.8873
4542465	-81.0166
4544513	-98.1452
4546561	-80.3019
4548609	-99.6993
4550657	-85.3158
4552705	-92.0374
4554753	-87.0458
4556801	-81.152
4558849	-93.1928
4560897	-83.2439
4562945	-83.882
4564993	-86.0156
4567041	-95.4845
4569089	-81.0616
4571137	-86.6609
4573185	-82.2163
4575233	-86.0895
4577281	-110.525
4579329	-94.1608
4581377	-95.7403
4583425	-98.0762
4585473	-100.997
4587521	-89.1328
4589569	-91.6464
4591617	-96.2298
4593665	-96.1273
4595713	-94.2841
4597761	-93.9226
4599809	-97.0543
4601857	-89.8729
4603905	-96.0997
4605953	-96.302
4608001	-86.4249
4610049	-97.8695
4612097	-108.457
4614145	-91.2279
4616193	-88.2454
4618241	-85.5867
4620289	-85.8396
4622337	-86.4892
4624385	-89.9778
4626433	-89.2514
4628481	-104.576
4630529	-100.94
4632577	-100.196
4634625	-89.5684
4636673	-87.3972
4638721	-96.1346
4640769	-92.1756
4642817	-82.5814
4644865	-90.2748
4646913	-89.8952
4648961	-89.9684
4651009	-98.5779
4653057	-100.251
4655105	-98.1111
4657153	-86.4596
4659201	-95.4818
4661249	-89.5773
4663297	-88.5198
4665345	-81.9609
4667393	-87.7968
4669441	-92.0309
4671489	-81.0306
4673537	-83.6354
4675585	-85.07
4677633	-88.0982
4679681	-89.8203
4681729	-81.9742
4683777	-87.9846
4685825	-97.4659
4687873	-95.653
4689921	-92.9441
4691969	-86.3878
4694017	-86.9906
4696065	-81.8833
4698113	-83.8967
4700161	-84.908
4702209	-92.0448
4704257	-85.6826
4706305	-84.563
4708353	-82.7031
4710401	-105.536
4712449	-89.0775
4714497	-92.7867
4716545	-94.2898
4718593	-98.3327
4720641	-88.8838
4722689	-84.5293
4724737	-82.952
4726785	-83.308
4728833	-99.318
4730881	-97.1857
4732929	-97.9207
4734977	-87.9589
4737025	-103.412
4739073	-93.4861
4741121	-106.419
4743169	-108.564
4745217	-103.46
4747265	-102.291
4749313	-91.852
4751361	-91.6107
4753409	-91.1369
4755457	-90.4359
4757505	-102.233
4759553	-100.432
4761601	-98.7161
4763649	-102.425
4765697	-100.674
4767745	-98.2934
4769793	-98.89
4771841	-90.2158
4773889	-93.0422
4775937	-92.1611
4777985	-97.6867
4780033	-90.17
4782081	-97.4641
4784129	-94.1747
4786177	-86.3361
4788225	-103.844
4790273	-92.1558
4792321	-94.3755
4794369	-88.6025
4796417	-98.9906
4798465	-92.14
4800513	-80.3509
4802561	-85.5242
4804609	-95.1192
4806657	-96.5626
4808705	-100.672
4810753	-94.9335
4812801	-87.341
4814849	-86.2108
4816897	-83.1275
4818945	-95.1404
4820993	-89.1012
4823041	-91.5248
4825089	-90.5603
4827137	-90.7496
4829185	-83.4124
4831233	-89.2474
4833281	-88.7756
4835329	-90.9881
4837377	-82.0642
4839425	-100.693
4841473	-84.8288
4843521	-88.5863
4845569	-88.3136
4847617	-91.2273
4849665	-77.1042
4851713	-82.3527
4853761	-91.8456
4855809	-99.8159
4857857	-95.2379
4859905	-80.8943
4861953	-98.9618
4864001	-95.2915
4866049	-90.5594
4868097	-94.0055
4870145	-81.0699
4872193	-76.7153
4874241	-91.9719
4876289	-92.0471
4878337	-91.6905
4880385	-87.3105
4882433	-84.5738
4884481	-92.3925
4886529	-89.9563
4888577	-86.5538
4890625	-88.3029
4892673	-102.128
4894721	-94.0387
4896769	-76.2912
4898817	-88.0623
4900865	-86.0665
4902913	-84.5319
4904961	-89.8724
4907009	-80.5383
4909057	-89.0324
4911105	-81.4067
4913153	-99.263
4915201	-88.1432
4917249	-88.1301
4919297	-95.819
4921345	-98.4177
4923393	-83.9034
4925441	-82.1503
4927489	-88.1027
4929537	-93.2814
4931585	-94.6721
4933633	-92.0722
4935681	-88.6005
4937729	-102.541
4939777	-91.7657
4941825	-85.0029
4943873	-83.8073
4945921	-86.4254
4947969	-86.3397
4950017	-91.0959
4952065	-86.2519
4954113	-85.9594
4956161	-90.3107
4958209	-88.5135
4960257	-79.6545
4962305	-87.5181
4964353	-84.1893
4966401	-94.294
4968449	-99.2465
4970497	-83.8294
4972545	-82.0968
4974593	-90.6483
4976641	-88.3536
4978689	-87.914
4980737	-79.5323
4982785	-84.7298
4984833	-87.4942
4986881	-96.0266
4988929	-84.8976
4990977	-90.0048
4993025	-93.0011
4995073	-100.144
4997121	-110.496
4999169	-90.5496
5001217	-88.3879
5003265	-84.0654
5005313	-91.4197
5007361	-95.3237
5009409	-85.6247
5011457	-95.8993
5013505	-85.1319
5015553	-96.6572
5017601	-91.7994
5019649	-88.8235
5021697	-98.2482
5023745	-86.5559
5025793	-92.3939
5027841	-90.1544
5029889	-92.3843
5031937	-99.5836
5033985	-88.3014
5036033	-88.4918
5038081	-86.1258
5040129	-91.7638
5042177	-99.7599
5044225	-97.2656
5046273	-90.4659
5048321	-86.7784
5050369	-82.3162
5052417	-84.5043
5054465	-93.2591
5056513	-89.5239
5058561	-85.9059
5060609	-90.5425
5062657	-88.3682
5064705	-89.8929
5066753	-99.0813
5068801	-99.9841
5070849	-90.465
5072897	-87.2192
5074945	-85.8342
5076993	-94.4953
5079041	-89.4327
5081089	-84.8279
5083137	-94.0704
5085185	-83.9792
5087233	-93.6227
5089281	-98.6495
5091329	-89.1821
5093377	-91.3409
5095425	-89.9777
5097473	-94.5276
5099521	-94.3577
5101569	-89.3425
5103617	-109.574
5105665	-88.8284
5107713	-83.8031
5109761	-85.4307
5111809	-88.9733
5113857	-87.0508
5115905	-80.104
5117953	-94.9397
5120001	-92.2184
5122049	-87.5644
5124097	-99.2767
5126145	-95.8381
5128193	-86.3345
5130241	-96.0936
5132289	-83.7237
5134337	-91.5626
5136385	-90.1558
5138433	-83.5314
5140481	-86.138
5142529	-94.3197
5144577	-86.872
5146625	-86.5057
5148673	-93.314
5150721	-95.222
5152769	-83.3885
5154817	-95.5575
5156865	-78.0172
5158913	-92.1693
5160961	-90.6058
5163009	-93.2187
5165057	-90.3499
5167105	-89.0069
5169153	-92.9991
5171201	-90.7691
5173249	-89.3063
5175297	-83.4149
5177345	-84.0437
5179393	-90.2543
5181441	-87.7135
5183489	-82.3255
5185537	-84.8816
5187585	-85.3301
5189633	-83.319
5191681	-87.8451
5193729	-84.1589
5195777	-88.1022
5197825	-98.4405
5199873	-92.9231
5201921	-94.4894
5203969	-88.8854
5206017	-91.3596
5208065	-95.6776
5210113	-89.8422
5212161	-91.4114
5214209	-82.3129
5216257	-80.5748
5218305	-91.2052
5220353	-95.1974
5222401	-96.7605
5224449	-89.7004
5226497	-92.7261
5228545	-89.3806
5230593	-86.445
5232641	-88.6853
5234689	-90.5837
5236737	-84.7689
5238785	-91.043
5240833	-91.8852
5242881	-92.5836
5244929	-87.3531
5246977	-90.4369
5249025	-85.5208
5251073	-87.7981
5253121	-94.9112
5255169	-80.6346
5257217	-86.246
5259265	-95.2779
5261313	-100.55
5263361	-106.957
5265409	-103.488
5267457	-92.5289
5269505	-89.5351
5271553	-97.9282
5273601	-94.0506
5275649	-90.4635
5277697	-87.6622
5279745	-88.7781
5281793	-82.1772
5283841	-91.7099
5285889	-92.8144
5287937	-87.2574
5289985	-98.8666
5292033	-85.3177
5294081	-86.7309
5296129	-86.6881
5298177	-81.3013
5300225	-100.948
5302273	-95.7409
5304321	-90.497
5306369	-97.669
5308417	-83.9432
5310465	-88.0387
5312513	-93.7294
5314561	-85.5095
5316609	-88.3169
5318657	-87.5528
5320705	-90.2216
5322753	-87.2555
5324801	-89.7772
5326849	-91.4618
5328897	-90.63
5330945	-97.6109
5332993	-97.7206
5335041	-96.9502
5337089	-97.5134
5339137	-93.4714
5341185	-95.4357
5343233	-86.7011
5345281	-83.7841
5347329	-85.3086
5349377	-87.4366
5351425	-104.965
5353473	-90.9328
5355521	-92.9763
5357569	-95.7341
5359617	-100.052
5361665	-95.0283
5363713	-85.0556
5365761	-87.7883
5367809	-88.4812
5369857	-96.3919
5371905	-84.5037
5373953	-83.3561
5376001	-81.93
5378049	-93.2726
5380097	-82.6482
5382145	-90.3443
5384193	-81.8456
5386241	-88.6804
5388289	-82.7613
5390337	-91.394
5392385	-94.0067
5394433	-93.8846
5396481	-90.3988
5398529	-87.896
5400577	-96.4229
5402625	-86.6245
5404673	-99.5419
5406721	-88.1329
5408769	-97.1752
5410817	-86.0643
5412865	-90.1457
5414913	-93.2398
5416961	-91.1236
5419009	-95.3
5421057	-88.2762
5423105	-86.9479
5425153	-95.7003
5427201	-85.4539
5429249	-95.3083
5431297	-93.8451
5433345	-94.0456
5435393	-100.039
5437441	-93.1836
5439489	-87.3471
5441537	-92.4271
5443585	-90.1968
5445633	-105.58
5447681	-86.5787
5449729	-87.5827
5451777	-86.3025
5453825	-92.5574
5455873	-84.3629
5457921	-95.569
5459969	-90.4564
5462017	-99.6522
5464065	-89.8393
5466113	-86.1524
5468161	-94.2998
5470209	-103.545
5472257	-92.2446
5474305	-92.1384
5476353	-90.6069
5478401	-96.3766
5480449	-97.6199
5482497	-87.6929
5484545	-88.0886
5486593	-100.245
5488641	-84.1587
5490689	-87.5132
5492737	-88.7119
5494785	-96.8591
5496833	-81.8023
5498881	-90.1374
5500929	-88.3611
5502977	-83.1504
5505025	-97.0218
5507073	-86.5386
5509121	-86.7081
5511169	-88.7004
5513217	-99.3842
5515265	-99.1546
5517313	-89.4253
5519361	-93.3438
5521409	-98.8016
5523457	-95.9381
5525505	-106.295
5527553	-86.0724
5529601	-87.8213
5531649	-89.3659
5533697	-90.5449
5535745	-93.7825
5537793	-99.3852
5539841	-89.9973
5541889	-97.0372
5543937	-105.518
5545985	-91.1309
5548033	-84.6372
5550081	-89.4341
5552129	-77.3634
5554177	-83.7983
5556225	-98.5935
5558273	-91.56
5560321	-91.2424
5562369	-80.8776
5564417	-88.3383
5566465	-100.801
5568513	-93.9349
5570561	-86.2073
5572609	-80.3215
5574657	-102.403
5576705	-90.4423
5578753	-81.5022
5580801	-79.7041
5582849	-84.9843
5584897	-85.4658
5586945	-81.5075
5588993	-88.4368
5591041	-93.0401
5593089	-82.6837
5595137	-85.3921
5597185	-91.6954
5599233	-88.9161
5601281	-96.0935
5603329	-90.7068
5605377	-103.208
5607425	-90.8945
5609473	-101.464
5611521	-87.5738
5613569	-88.0177
5615617	-82.5699
5617665	-88.2832
5619713	-97.7557
5621761	-94.2064
5623809	-89.8354
5625857	-97.0069
5627905	-103.893
5629953	-80.8737
5632001	-95.0925
5634049	-75.5013
5636097	-88.3079
5638145	-85.9997
5640193	-92.6823
5642241	-96.8972
5644289	-88.9994
5646337	-83.4702
5648385	-98.5993
5650433	-84.3446
5652481	-89.7348
5654529	-86.0589
5656577	-83.9187
5658625	-94.2883
5660673	-84.9978
5662721	-89.5829
5664769	-90.4972
5666817	-87.3636
5668865	-95.8215
5670913	-89.7815
5672961	-95.2654
5675009	-93.4065
5677057	-97.2072
5679105	-100.694
5681153	-86.9958
5683201	-81.5717
5685249	-96.6974
5687297	-113.257
5689345	-92.0457
5691393	-86.5743
5693441	-88.6583
5695489	-88.3876
5697537	-84.673
5699585	-90.4231
5701633	-90.3957
5703681	-84.1609
5705729	-85.4698
5707777	-100.676
5709825	-96.8336
5711873	-87.5327
5713921	-88.4985
5715969	-79.7294
5718017	-85
5720065	-84.8795
5722113	-77.6133
5724161	-87.3729
5726209	-88.6365
5728257	-87.3298
5730305	-80.3207
5732353	-86.1828
5734401	-90.6277
5736449	-90.8663
5738497	-94.043
5740545	-94.3419
5742593	-93.132
5744641	-89.2052
5746689	-83.3385
5748737	-95.1431
5750785	-77.2173
5752833	-85.4426
5754881	-101.314
5756929	-82.766
5758977	-93.1656
5761025	-92.1872
5763073	-89.2579
5765121	-113.778
5767169	-100.825
5769217	-98.8084
5771265	-85.5613
5773313	-95.9518
5775361	-82.8254
5777409	-89.3562
5779457	-84.4636
5781505	-98.5204
5783553	-87.0497
5785601	-85.1221
5787649	-99.1371
5789697	-95.1011
5791745	-84.3809
5793793	-79.4981
5795841	-90.4763
5797889	-88.8469
5799937	-90.3478
5801985	-89.2747
5804033	-88.9263
5806081	-78.5146
5808129	-91.5056
5810177	-99.2072
5812225	-88.0832
5814273	-96.5533
5816321	-96.6909
5818369	-91.2787
5820417	-88.6355
5822465	-98.3419
5824513	-94.7672
5826561	-94.3984
5828609	-99.4191
5830657	-92.6901
5832705	-100.118
5834753	-97.2055
5836801	-85.6435
5838849	-88.2032
5840897	-90.6253
5842945	-90.0027
5844993	-88.1194
5847041	-93.2014
5849089	-88.7955
5851137	-100.152
5853185	-88.768
5855233	-106.811
5857281	-95.87
5859329	-93.358
5861377	-95.9929
5863425	-92.1206
5865473	-87.7778
5867521	-92.9419
5869569	-96.8215
5871617	-90.6563
5873665	-93.5045
5875713	-91.6853
5877761	-112.405
5879809	-101.873
5881857	-92.7224
5883905	-90.7673
5885953	-99.3213
5888001	-94.3727
5890049	-93.4994
5892097	-82.8367
5894145	-84.1242
5896193	-96.6761
5898241	-96.8157
5900289	-90.9207
5902337	-86.51
5904385	-92.9381
5906433	-86.4085
5908481	-101.806
5910529	-88.3911
5912577	-87.1361
5914625	-93.3516
5916673	-84.5499
5918721	-92.9067
5920769	-88.2077
5922817	-99.4809
5924865	-91.3765
5926913	-86.8727
5928961	-94.6932
5931009	-88.6485
5933057	-97.0295
5935105	-102.426
5937153	-98.9317
5939201	-101.033
5941249	-97.3971
5943297	-94.8007
5945345	-96.9231
5947393	-94.3464
5949441	-99.7479
5951489	-91.6608
5953537	-90.6491
5955585	-90.0975
5957633	-84.6609
5959681	-89.3963
5961729	-97.2318
5963777	-90.0559
5965825	-81.9568
5967873	-90.0189
5969921	-92.6174
5971969	-86.9053
5974017	-83.8557
5976065	-90.0724
5978113	-87.9138
5980161	-86.341
5982209	-86.886
5984257	-85.991
5986305	-89.0148
5988353	-92.7754
5990401	-96.9427
5992449	-83.6184
5994497	-89.322
5996545	-92.7105
5998593	-84.5164
6000641	-98.8051
6002689	-91.9342
6004737	-93.2037
6006785	-84.5706
6008833	-94.8471
6010881	-85.2034
6012929	-91.3202
6014977	-84.2689
6017025	-102.485
6019073	-93.4843
6021121	-94.8363
6023169	-82.1753
6025217	-91.853
6027265	-86.3575
6029313	-93.6152
6031361	-97.4927
6033409	-95.1446
6035457	-99.9816
6037505	-98.7263
6039553	-97.7563
6041601	-88.4889
6043649	-96.6423
6045697	-91.9294
6047745	-89.519
6049793	-87.5563
6051841	-93.2064
6053889	-91.9508
6055937	-81.6991
6057985	-84.3707
6060033	-86.4316
6062081	-87.3865
6064129	-87.8479
6066177	-84.807
6068225	-85.5811
6070273	-88.2145
6072321	-85.1452
6074369	-87.9928
6076417	-90.0875
6078465	-87.7428
6080513	-79.4864
6082561	-81.5775
6084609	-87.5618
6086657	-85.0696
6088705	-91.3489
6090753	-85.5229
6092801	-88.9751
6094849	-91.9607
6096897	-92.235
6098945	-88.1942
6100993	-92.3266
6103041	-87.4861
6105089	-84.7487
6107137	-89.6275
6109185	-89.336
6111233	-79.2893
6113281	-94.3886
6115329	-85.3675
6117377	-83.4014
6119425	-97.1439
6121473	-86.7436
6123521	-89.2351
6125569	-93.823
6127617	-95.1395
6129665	-95.864
6131713	-84.0098
6133761	-85.1474
6135809	-86.9641
6137857	-98.2355
6139905	-86.9745
6141953	-81.7049
6144001	-85.63
6146049	-90.7054
6148097	-90.2253
6150145	-90.5684
6152193	-92.1351
6154241	-86.2266
6156289	-80.8652
6158337	-95.6982
6160385	-85.3946
6162433	-93.0278
6164481	-90.8399
6166529	-90.0187
6168577	-91.6094
6170625	-95.2054
6172673	-95.4174
6174721	-87.2151
6176769	-86.3028
6178817	-81.9727
6180865	-91.2432
6182913	-90.2385
6184961	-86.0813
6187009	-93.9214
6189057	-99.7812
6191105	-96.5295
6193153	-87.1477
6195201	-101.173
6197249	-88.9597
6199297	-89.0219
6201345	-88.191
6203393	-93.4143
6205441	-97.5739
6207489	-89.642
6209537	-102.539
6211585	-100.288
6213633	-92.2522
6215681	-99.5672
6217729	-90.2978
6219777	-91.5766
6221825	-101.796
6223873	-102.902
6225921	-98.6597
6227969	-95.3185
6230017	-101.026
6232065	-93.1994
6234113	-83.2918
6236161	-90.8628
6238209	-83.5427
6240257	-87.7033
6242305	-92.9253
6244353	-86.2929
6246401	-77.1284
6248449	-89.8388
6250497	-85.1432
6252545	-95.9098
6254593	-100.563
6256641	-78.6769
6258689	-80.3847
6260737	-85.4971
6262785	-86.0947
6264833	-93.8114
6266881	-80.5729
6268929	-86.4331
6270977	-82.4968
6273025	-89.13
6275073	-78.3721
6277121	-95.7084
6279169	-85.4301
6281217	-77.1895
6283265	-86.6838
6285313	-93.4035
6287361	-95.0776
6289409	-88.0917
6291457	-86.9434
6293505	-86.6344
6295553	-85.0849
6297601	-100.951
6299649	-98.9716
6301697	-100.438
6303745	-86.3534
6305793	-81.5887
6307841	-83.279
6309889	-86.6687
6311937	-93.3284
6313985	-84.4677
6316033	-96.0877
6318081	-80.5243
6320129	-99.1061
6322177	-84.4726
6324225	-102.205
6326273	-91.854
6328321	-87.3688
6330369	-87.7484
6332417	-93.362
6334465	-100.804
6336513	-84.1009
6338561	-86.5156
6340609	-79.6887
6342657	-97.6425
6344705	-85.9351
6346753	-104.968
6348801	-79.984
6350849	-94.4114
6352897	-83.9276
6354945	-85.5014
6356993	-86.1565
6359041	-92.4724
6361089	-89.1888
6363137	-97.8818
6365185	-96.5045
6367233	-89.4655
6369281	-90.4318
6371329	-89.5443
6373377	-95.5523
6375425	-92.7523
6377473	-88.3178
6379521	-100.12
6381569	-86.7531
6383617	-94.7435
6385665	-88.8596
6387713	-88.8298
6389761	-90.0269
6391809	-97.9589
6393857	-90.3128
6395905	-101.288
6397953	-95.0951
6400001	-85.1945
6402049	-87.2596
6404097	-85.1553
6406145	-99.913
6408193	-94.1655
6410241	-91.7478
6412289	-86.0662
6414337	-101.15
6416385	-95.9251
6418433	-99.5874
6420481	-88.1444
6422529	-83.7847
6424577	-88.9339
6426625	-87.1181
6428673	-87.2436
6430721	-92.5013
6432769	-84.3532
6434817	-99.0596
6436865	-88.2384
6438913	-88.8133
6440961	-89.2052
6443009	-91.9345
6445057	-90.8159
6447105	-93.7213
6449153	-85.1701
6451201	-84.6873
6453249	-93.3714
6455297	-85.0301
6457345	-94.2725
6459393	-93.2123
6461441	-96.4545
6463489	-100.303
6465537	-97.0395
6467585	-102.284
6469633	-93.5576
6471681	-86.875
6473729	-101.282
6475777	-96.3405
6477825	-86.9887
6479873	-94.5314
6481921	-84.802
6483969	-94.299
6486017	-94.9566
6488065	-83.1625
6490113	-89.1494
6492161	-85.5852
6494209	-88.1112
6496257	-86.6238
6498305	-86.7675
6500353	-95.0348
6502401	-90.184
6504449	-80.1733
6506497	-97.7744
6508545	-94.8404
6510593	-83.233
6512641	-87.45
6514689	-93.0572
6516737	-86.4921
6518785	-87.744
6520833	-92.1747
6522881	-83.5874
6524929	-86.053
6526977	-95.7106
6529025	-89.9374
6531073	-95.8395
6533121	-90.7323
6535169	-82.983
6537217	-91.9296
6539265	-85.7379
6541313	-92.6335
6543361	-85.1336
6545409	-87.265
6547457	-83.2121
6549505	-86.9424
6551553	-95.4581
6553601	-96.9565
6555649	-82.0598
6557697	-91.3344
6559745	-83.6978
6561793	-82.9958
6563841	-90.5435
6565889	-101.784
6567937	-93.0741
6569985	-100.861
6572033	-82.1
6574081	-97.3855
6576129	-94.7539
6578177	-79.2982
6580225	-84.029
6582273	-86.3939
6584321	-83.565
6586369	-92.7332
6588417	-87.5131
6590465	-92.0243
6592513	-97.1408
6594561	-104.274
6596609	-92.6446
6598657	-92.4555
6600705	-92.7417
6602753	-101.193
6604801	-106.38
6606849	-107.387
6608897	-106.142
6610945	-97.51
6612993	-94.2987
6615041	-95.881
6617089	-96.3209
6619137	-92.7197
6621185	-103.974
6623233	-95.0424
6625281	-90.5152
6627329	-83.766
6629377	-93.6192
6631425	-87.2593
6633473	-82.7584
6635521	-92.819
6637569	-97.0168
6639617	-88.4215
6641665	-81.2799
6643713	-87.766
6645761	-84.7459
6647809	-85.3486
6649857	-90.8112
6651905	-90.085
6653953	-82.3069
6656001	-99.7016
6658049	-88.2667
6660097	-101.462
6662145	-85.1169
6664193	-99.5216
6666241	-90.6231
6668289	-88.6838
6670337	-90.2872
6672385	-103.862
6674433	-86.6063
6676481	-103.002
6678529	-99.3951
6680577	-86.1526
6682625	-85.4074
6684673	-89.7528
6686721	-96.9559
6688769	-85.4461
6690817	-88.5792
6692865	-94.6751
6694913	-88.697
6696961	-99.3811
6699009	-94.3696
6701057	-94.436
6703105	-91.7132
6705153	-92.3761
6707201	-90.6148
6709249	-93.058
6711297	-83.1629
6713345	-98.9898
6715393	-99.0846
6717441	-92.7799
6719489	-99.7451
6721537	-104.308
6723585	-94.2893
6725633	-94.986
6727681	-94.5604
6729729	-96.6992
6731777	-99.3663
6733825	-95.1702
6735873	-96.3803
6737921	-86.4416
6739969	-83.2488
6742017	-90.2842
6744065	-92.8602
6746113	-77.6079
6748161	-81.3623
6750209	-85.4308
6752257	-84.7477
6754305	-86.3201
6756353	-86.5143
6758401	-86.1859
6760449	-84.5461
6762497	-93.7686
6764545	-84.2138
6766593	-95.2916
6768641	-98.9846
6770689	-91.7216
6772737	-99.5303
6774785	-87.0476
6776833	-90.8842
6778881	-92.6351
6780929	-79.2712
6782977	-92.6334
6785025	-93.3048
6787073	-90.537
6789121	-95.7904
6791169	-91.5826
6793217	-87.8598
6795265	-86.9999
6797313	-96.2685
6799361	-91.1206
6801409	-81.7865
6803457	-84.8656
6805505	-94.7491
6807553	-99.1883
6809601	-79.7034
6811649	-85.6436
6813697	-96.5069
6815745	-86.8665
6817793	-94.2104
6819841	-85.5563
6821889	-82.9392
6823937	-98.1245
6825985	-93.3923
6828033	-86.9175
6830081	-94.9287
6832129	-88.5273
6834177	-94.5123
6836225	-98.9849
6838273	-88.5251
6840321	-87.2472
6842369	-91.0146
6844417	-94.3748
6846465	-93.9462
6848513	-97.505
6850561	-88.623
6852609	-93.3837
6854657	-87.5398
6856705	-89.283
6858753	-88.539
6860801	-96.627
6862849	-99.5779
6864897	-82.3806
6866945	-78.6773
6868993	-89.9201
6871041	-86.0459
6873089	-86.2103
6875137	-86.6356
6877185	-90.4871
6879233	-84.6023
6881281	-87.9414
6883329	-81.6628
6885377	-78.2984
6887425	-97.5569
6889473	-81.7682
6891521	-97.1206
6893569	-97.3896
6895617	-85.6831
6897665	-100.271
6899713	-88.1847
6901761	-86.945
6903809	-86.0489
6905857	-85.165
6907905	-81.5528
6909953	-81.4094
6912001	-97.859
6914049	-83.6428
6916097	-98.1273
6918145	-99.9234
6920193	-94.5353
6922241	-93.6112
6924289	-94.1732
6926337	-95.4242
6928385	-77.3413
6930433	-90.5164
6932481	-84.4167
6934529	-89.3268
6936577	-93.7318
6938625	-93.6422
6940673	-94.9345
6942721	-90.6659
6944769	-88.165
6946817	-93.8544
6948865	-84.8006
6950913	-88.0354
6952961	-95.6524
6955009	-94.4391
6957057	-87.774
6959105	-100.903
6961153	-104.155
6963201	-87.561
6965249	-88.1413
6967297	-89.4016
6969345	-88.4187
6971393	-89.2785
6973441	-91.5117
6975489	-88.2026
6977537	-93.139
6979585	-97.5788
6981633	-86.502
6983681	-85.342
6985729	-92.6955
6987777	-90.0771
6989825	-85.2784
6991873	-99.7011
6993921	-88.6649
6995969	-84.646
6998017	-83.1223
7000065	-93.3976
7002113	-83.0722
7004161	-78.8906
7006209	-85.4432
7008257	-88.0579
7010305	-94.306
7012353	-97.4088
7014401	-98.1997
7016449	-91.2842
7018497	-90.1724
7020545	-90.7346
7022593	-88.6114
7024641	-100.663
7026689	-88.874
7028737	-86.22
7030785	-82.2713
7032833	-85.9616
7034881	-103.965
7036929	-91.915
7038977	-93.6148
7041025	-93.4961
7043073	-87.8961
7045121	-84.6018
7047169	-90.0078
7049217	-96.1905
7051265	-90.3715
7053313	-89.0654
7055361	-93.6425
7057409	-88.8389
7059457	-88.7028
7061505	-95.773
7063553	-92.5691
7065601	-91.336
7067649	-85.84
7069697	-94.3475
7071745	-92.2542
7073793	-95.6972
7075841	-89.9113
7077889	-84.7805
7079937	-85.7869
7081985	-87.4713
7084033	-101.004
7086081	-84.441
7088129	-93.5777
7090177	-95.6872
7092225	-92.8375
7094273	-83.6042
7096321	-85.7144
7098369	-83.6226
7100417	-94.4503
7102465	-91.5684
7104513	-88.0881
7106561	-93.556
7108609	-90.8472
7110657	-97.0628
7112705	-88.3734
7114753	-94.3744
7116801	-89.3065
7118849	-101.004
7120897	-91.446
7122945	-91.825
7124993	-92.3412
7127041	-85.0374
7129089	-87.6293
7131137	-88.1737
7133185	-97.9735
7135233	-80.0872
7137281	-90.6654
7139329	-75.2639
7141377	-85.9612
7143425	-84.1259
7145473	-81.6381
7147521	-91.8012
7149569	-82.4969
7151617	-93.385
7153665	-81.0144
7155713	-89.5924
7157761	-87.6371
7159809	-94.2183
7161857	-89.7154
7163905	-82.0951
7165953	-85.6246
7168001	-88.1406
7170049	-91.1554
7172097	-96.5975
7174145	-96.1179
7176193	-84.8848
7178241	-84.7673
7180289	-94.3204
7182337	-83.1472
7184385	-88.0488
7186433	-89.7479
7188481	-89.1232
7190529	-86.9525
7192577	-81.3409
7194625	-87.7476
7196673	-92.1864
7198721	-82.6524
7200769	-82.1076
7202817	-93.2345
7204865	-90.5975
7206913	-91.7414
7208961	-89.0015
7211009	-102.385
7213057	-93.6978
7215105	-87.0982
7217153	-84.3499
7219201	-90.5596
7221249	-89.7956
7223297	-99.6153
7225345	-89.4885
7227393	-91.3376
7229441	-90.6786
7231489	-91.9549
7233537	-84.5791
7235585	-88.5839
7237633	-98.4846
7239681	-96.0006
7241729	-100.179
7243777	-94.2419
7245825	-97.1022
7247873	-92.6837
7249921	-82.9221
7251969	-87.9438
7254017	-84.396
7256065	-90.0285
7258113	-89.2024
7260161	-100.684
7262209	-96.694
7264257	-100.501
7266305	-92.7979
7268353	-88.9176
7270401	-94.5683
7272449	-83.1065
7274497	-79.5533
7276545	-106.04
7278593	-88.4611
7280641	-90.0296
7282689	-89.5711
7284737	-91.0895
7286785	-88.0941
7288833	-104.707
7290881	-101.681
7292929	-100.161
7294977	-100.544
7297025	-98.8695
7299073	-93.5946
7301121	-99.5396
7303169	-99.2134
7305217	-97.4526
7307265	-91.0973
7309313	-94.9991
7311361	-99.1837
7313409	-88.4
7315457	-104.217
7317505	-85.0332
7319553	-90.9122
7321601	-88.5497
7323649	-92.8554
7325697	-105.626
7327745	-86.0807
7329793	-90.3599
7331841	-86.0903
7333889	-92.2845
7335937	-91.0587
7337985	-102.057
7340033	-96.0041
7342081	-95.373
7344129	-95.9895
7346177	-97.6526
7348225	-86.9132
7350273	-90.2134
7352321	-81.0465
7354369	-86.0516
7356417	-84.6928
7358465	-84.3324
7360513	-86.8938
7362561	-88.3159
7364609	-82.0257
7366657	-93.2519
7368705	-91.7973
7370753	-90.4287
7372801	-82.3633
7374849	-95.2263
7376897	-88.8203
7378945	-91.9864
7380993	-83.2738
7383041	-89.0048
7385089	-87.7376
7387137	-88.0677
7389185	-86.8619
7391233	-92.9014
7393281	-89.8147
7395329	-86.3572
7397377	-85.3295
7399425	-93.2143
7401473	-90.7371
7403521	-83.7197
7405569	-94.4839
7407617	-91.5445
7409665	-101.284
7411713	-92.0098
7413761	-85.5104
7415809	-96.3011
7417857	-90.1524
7419905	-84.8227
7421953	-92.2553
7424001	-81.2953
7426049	-84.1208
7428097	-88.2108
7430145	-87.3175
7432193	-93.5278
7434241	-86.4974
7436289	-97.6145
7438337	-88.3204
7440385	-82.4051
7442433	-86.3224
7444481	-88.7703
7446529	-87.5544
7448577	-89.8005
7450625	-116.945
7452673	-94.6904
7454721	-95.0459
7456769	-89.2591
7458817	-87.8615
7460865	-85.6084
7462913	-90.4994
7464961	-85.9079
7467009	-97.7097
7469057	-90.6874
7471105	-93.0536
7473153	-100.61
7475201	-91.0954
7477249	-91.9009
7479297	-76.0121
7481345	-84.4898
7483393	-93.6456
7485441	-91.2902
7487489	-83.5677
7489537	-83.8659
7491585	-86.8016
7493633	-85.5893
7495681	-83.359
7497729	-89.2343
7499777	-89.8497
7501825	-91.3435
7503873	-81.5679
7505921	-103.781
7507969	-79.4404
7510017	-92.5498
7512065	-98.3182
7514113	-80.6228
7516161	-91.6844
7518209	-89.1063
7520257	-88.629
7522305	-87.2078
7524353	-85.1386
7526401	-80.2366
7528449	-89.3563
7530497	-89.3172
7532545	-93.4886
7534593	-87.6898
7536641	-94.5983
7538689	-81.924
7540737	-89.0707
7542785	-92.7037
7544833	-95.9236
7546881	-80.623
7548929	-94.2639
7550977	-90.9653
7553025	-86.1406
7555073	-77.9182
7557121	-106.704
7559169	-94.2458
7561217	-90.4286
7563265	-85.2414
7565313	-85.9384
7567361	-91.0573
7569409	-78.5529
7571457	-90.7913
7573505	-85.8094
7575553	-87.7576
7577601	-84.4565
7579649	-84.4797
7581697	-87.9488
7583745	-91.0866
7585793	-95.8137
7587841	-86.5867
7589889	-85.9213
7591937	-89.4406
7593985	-87.5411
7596033	-78.5073
7598081	-86.8769
7600129	-98.0928
7602177	-80.6182
7604225	-77.8609
7606273	-84.5098
7608321	-88.4419
7610369	-88.3896
7612417	-87.2215
7614465	-90.9222
7616513	-83.3105
7618561	-82.2376
7620609	-84.7924
7622657	-89.4619
7624705	-91.1378
7626753	-105.971
7628801	-88.9731
7630849	-88.3249
7632897	-83.9712
7634945	-86.8721
7636993	-90.2602
7639041	-87.1942
7641089	-94.3442
7643137	-84.9057
7645185	-95.7345
7647233	-83.3647
7649281	-84.192
7651329	-96.5764
7653377	-95.0293
7655425	-88.7215
7657473	-95.1543
7659521	-95.7524
7661569	-96.8068
7663617	-87.6725
7665665	-94.2067
7667713	-89.341
7669761	-91.8434
7671809	-97.196
7673857	-97.6737
7675905	-94.7174
7677953	-83.1528
7680001	-91.1994
7682049	-96.6822
7684097	-88.541
7686145	-101.698
7688193	-83.0816
7690241	-91.6472
7692289	-90.2898
7694337	-98.448
7696385	-88.6747
7698433	-98.1752
7700481	-103.063
7702529	-101.502
7704577	-89.2461
7706625	-87.6614
7708673	-91.1762
7710721	-94.063
7712769	-100.943
7714817	-102.39
7716865	-94.6727
7718913	-90.1478
7720961	-94.0762
7723009	-94.9699
7725057	-98.5859
7727105	-97.7127
7729153	-105.723
7731201	-99.5112
7733249	-95.738
7735297	-93.4503
7737345	-100.211
7739393	-92.2395
7741441	-91.2091
7743489	-95.0301
7745537	-99.9061
7747585	-105.314
7749633	-101.172
7751681	-88.688
7753729	-89.3728
7755777	-90.7657
7757825	-102.037
7759873	-99.0133
7761921	-94.9807
7763969	-102.08
7766017	-93.6311
7768065	-93.7628
7770113	-98.2123
7772161	-92.2753
7774209	-86.3309
7776257	-87.5182
7778305	-94.549
7780353	-93.6872
7782401	-90.0355
7784449	-90.1434
7786497	-93.4615
7788545	-98.9798
7790593	-94.478
7792641	-87.5411
7794689	-87.8254
7796737	-86.3271
7798785	-92.6722
7800833	-77.9044
7802881	-87.9861
7804929	-87.5944
7806977	-91.6314
7809025	-86.1156
7811073	-90.0744
7813121	-90.1971
7815169	-87.9798
7817217	-102.331
7819265	-91.7923
7821313	-97.9572
7823361	-86.0622
7825409	-84.9228
7827457	-84.5332
7829505	-88.5614
7831553	-91.145
7833601	-86.5923
7835649	-79.4257
7837697	-97.6159
7839745	-90.1685
7841793	-99.4087
7843841	-85.0692
7845889	-88.4835
7847937	-85.6493
7849985	-81.6063
7852033	-85.6218
7854081	-89.5827
7856129	-84.6502
7858177	-94.1452
7860225	-91.8637
7862273	-97.4327
7864321	-89.8367
7866369	-86.4968
7868417	-97.0386
7870465	-93.4299
7872513	-88.4353
7874561	-86.5795
7876609	-83.948
7878657	-82.2355
7880705	-99.2302
7882753	-87.0384
7884801	-87.1965
7886849	-84.2113
7888897	-96.2056
7890945	-103.308
7892993	-87.5472
7895041	-92.6057
7897089	-93.5634
7899137	-98.9705
7901185	-106.787
7903233	-85.1938
7905281	-99.3152
7907329	-80.7953
7909377	-92.7632
7911425	-85.6192
7913473	-96.4798
7915521	-98.8347
7917569	-95.0994
7919617	-102.409
7921665	-105.109
7923713	-98.3473
7925761	-104.695
7927809	-102.839
7929857	-93.9533
7931905	-94.2409
7933953	-91.0676
7936001	-103.377
7938049	-101.724
7940097	-101.823
7942145	-85.8234
7944193	-93.644
7946241	-86.4385
7948289	-90.31
7950337	-92.5597
7952385	-87.448
7954433	-83.0182
7956481	-92.6014
7958529	-78.6068
7960577	-83.8978
7962625	-85.6578
7964673	-87.7468
7966721	-82.1142
7968769	-96.3684
7970817	-81.0694
7972865	-88.8501
7974913	-96.7984
7976961	-94.5824
7979009	-85.0173
7981057	-90.5155
7983105	-85.5907
7985153	-84.4971
7987201	-84.1597
7989249	-81.7581
7991297	-80.6639
7993345	-84.5302
7995393	-108.201
7997441	-89.0798
7999489	-94.7364
8001537	-90.7236
8003585	-86.5348
8005633	-95.9244
8007681	-88.4942
8009729	-92.5588
8011777	-86.8656
8013825	-96.6811
8015873	-87.4116
8017921	-98.9853
8019969	-84.5732
8022017	-83.4049
8024065	-86.5003
8026113	-89.5123
8028161	-89.6091
8030209	-86.1287
8032257	-88.7898
8034305	-88.1761
8036353	-100.591
8038401	-94.0897
8040449	-90.3781
8042497	-89.0292
8044545	-85.9654
8046593	-85.9558
8048641	-83.7764
8050689	-86.2548
8052737	-98.5053
8054785	-93.2522
8056833	-90.9237
8058881	-87.9732
8060929	-84.3784
8062977	-90.4388
8065025	-96.5328
8067073	-83.745
8069121	-93.5997
8071169	-98.1498
8073217	-100.696
8075265	-96.1834
8077313	-91.0606
8079361	-88.2059
8081409	-90.6114
8083457	-85.3568
8085505	-84.9958
8087553	-82.9145
8089601	-81.2184
8091649	-86.79
8093697	-90.5412
8095745	-92.4319
8097793	-93.4584
8099841	-88.5218
8101889	-96.2918
8103937	-98.7592
8105985	-100.267
8108033	-82.861
8110081	-93.8541
8112129	-93.2488
8114177	-98.407
8116225	-97.2359
8118273	-97.8416
8120321	-97.2754
8122369	-96.5871
8124417	-87.6796
8126465	-84.7934
8128513	-89.5155
8130561	-94.9334
8132609	-96.3833
8134657	-90.236
8136705	-91.8526
8138753	-95.8628
8140801	-89.9188
8142849	-97.2328
8144897	-90.1872
8146945	-90.291
8148993	-102.003
8151041	-87.1005
8153089	-81.7128
8155137	-83.9947
8157185	-102.996
8159233	-78.7989
8161281	-86.7658
8163329	-85.9002
8165377	-98.5412
8167425	-100.243
8169473	-87.2119
8171521	-80.5967
8173569	-94.7183
8175617	-92.2338
8177665	-81.5976
8179713	-100.85
8181761	-86.1406
8183809	-98.112
8185857	-89.2965
8187905	-91.7801
8189953	-82.9673
8192001	-89.4597
8194049	-92.2608
8196097	-84.0866
8198145	-84.2252
8200193	-89.2391
8202241	-89.9325
8204289	-92.4338
8206337	-94.3453
8208385	-90.1417
8210433	-107.652
8212481	-92.5473
8214529	-96.9253
8216577	-81.9828
8218625	-99.5283
8220673	-95.7218
8222721	-92.7527
8224769	-87.8054
8226817	-92.6492
8228865	-94.5584
8230913	-94.5622
8232961	-83.6495
8235009	-87.1047
8237057	-99.9315
8239105	-89.1017
8241153	-94.5407
8243201	-91.8742
8245249	-101.35
8247297	-83.3762
8249345	-90.0039
8251393	-93.7111
8253441	-96.8365
8255489	-94.1702
8257537	-90.1757
8259585	-92.9844
8261633	-95.5199
8263681	-88.7699
8265729	-90.9709
8267777	-103.953
8269825	-93.9345
8271873	-90.8902
8273921	-84.6044
8275969	-90.7996
8278017	-108.696
8280065	-91.2628
8282113	-97.0177
8284161	-85.5538
8286209	-90.1093
8288257	-84.6991
8290305	-97.0368
8292353	-83.2039
8294401	-87.8953
8296449	-85.7754
8298497	-106.399
8300545	-83.3288
8302593	-99.8099
8304641	-88.1194
8306689	-90.6757
8308737	-96.7247
8310785	-88.5975
8312833	-95.3731
8314881	-99.7373
8316929	-101.131
8318977	-94.6841
8321025	-80.0087
8323073	-93.3793
8325121	-82.4967
8327169	-97.4033
8329217	-87.6783
8331265	-98.8032
8333313	-102.235
8335361	-99.206
8337409	-93.1876
8339457	-97.3841
8341505	-84.8887
8343553	-87.7906
8345601	-88.4674
8347649	-84.4587
8349697	-81.8032
8351745	-90.3533
8353793	-90.5447
8355841	-85.9256
8357889	-92.9355
8359937	-92.6689
8361985	-80.2614
8364033	-86.8349
8366081	-96.4779
8368129	-86.5241
8370177	-86.1539
8372225	-85.6733
8374273	-85.4361
8376321	-97.1656
8378369	-79.5783
8380417	-81.8665
8382465	-95.4707
8384513	-80.0339
8386561	-88.2345
8388609	-89.8826
8390657	-89.5802
8392705	-91.7973
8394753	-90.9412
8396801	-86.0467
8398849	-89.9557
8400897	-91.9502
8402945	-91.6922
8404993	-100.302
8407041	-100.853
8409089	-91.042
8411137	-102.924
8413185	-92.3849
8415233	-92.7442
8417281	-83.5822
8419329	-87.6192
8421377	-83.6008
8423425	-90.7228
8425473	-104.017
8427521	-88.6636
8429569	-90.3382
8431617	-94.7131
8433665	-89.5163
8435713	-90.1454
8437761	-87.1697
8439809	-95.6863
8441857	-89.4987
8443905	-93.1832
8445953	-102.113
8448001	-86.3103
8450049	-87.049
8452097	-81.6839
8454145	-77.4109
8456193	-90.0655
8458241	-98.7601
8460289	-85.12
8462337	-87.0523
8464385	-85.5771
8466433	-88.0987
8468481	-95.9044
8470529	-95.5555
8472577	-95.1756
8474625	-87.7587
8476673	-89.6611
8478721	-92.8206
8480769	-82.4762
8482817	-85.637
8484865	-91.7253
8486913	-89.7331
8488961	-87.6191
8491009	-91.4768
8493057	-91.8401
8495105	-78.8544
8497153	-81.0848
8499201	-79.3204
8501249	-86.5696
8503297	-89.8097
8505345	-90.3481
8507393	-88.0856
8509441	-87.5192
8511489	-105.35
8513537	-90.62
8515585	-87.8951
8517633	-99.8166
8519681	-98.9511
8521729	-83.5729
8523777	-88.0081
8525825	-87.7088
8527873	-90.5794
8529921	-90.1827
8531969	-83.5313
8534017	-87.1677
8536065	-79.6853
8538113	-92.2193
8540161	-93.5789
8542209	-101.605
8544257	-85.3948
8546305	-82.1942
8548353	-79.513
8550401	-80.2356
8552449	-84.646
8554497	-91.0233
8556545	-89.9465
8558593	-84.9565
8560641	-95.9367
8562689	-80.562
8564737	-92.4686
8566785	-93.3071
8568833	-94.8234
8570881	-83.4896
8572929	-93.6959
8574977	-80.6155
8577025	-86.7084
8579073	-90.1907
8581121	-93.0551
8583169	-95.6065
8585217	-96.9791
8587265	-85.7724
8589313	-81.3661
8591361	-92.5114
8593409	-89.8564
8595457	-79.4931
8597505	-89.2884
8599553	-83.3696
8601601	-85.7972
8603649	-85.5092
8605697	-88.0234
8607745	-88.8362
8609793	-91.0907
8611841	-94.7275
8613889	-88.0882
8615937	-87.5645
8617985	-101.37
8620033	-91.9638
8622081	-89.9077
8624129	-85.2237
8626177	-89.4498
8628225	-87.0632
8630273	-93.5164
8632321	-87.1869
8634369	-90.7138
8636417	-88.525
8638465	-91.0486
8640513	-82.8341
8642561	-78.9146
8644609	-88.4202
8646657	-84.3666
8648705	-80.828
8650753	-83.4817
8652801	-90.0404
8654849	-94.7005
8656897	-97.1407
8658945	-87.7445
8660993	-95.637
8663041	-84.6794
8665089	-88.9599
8667137	-93.4629
8669185	-89.8037
8671233	-95.9244
8673281	-85.6652
8675329	-89.3783
8677377	-86.6549
8679425	-91.5788
8681473	-93.2781
8683521	-91.1425
8685569	-92.3595
8687617	-85.2896
8689665	-87.5251
8691713	-102.291
8693761	-91.7898
8695809	-86.8145
8697857	-100.022
8699905	-98.9791
8701953	-96.5786
8704001	-90.365
8706049	-85.2748
8708097	-84.0991
8710145	-90.7219
8712193	-84.1925
8714241	-91.0642
8716289	-91.982
8718337	-87.4352
8720385	-89.341
8722433	-84.7531
8724481	-97.81
8726529	-94.1703
8728577	-86.5871
8730625	-84.8494
8732673	-83.7133
8734721	-90.9636
8736769	-86.3846
8738817	-77.7989
8740865	-101.84
8742913	-94.5244
8744961	-82.5291
8747009	-95.7828
8749057	-82.9263
8751105	-95.4747
8753153	-90.3394
8755201	-86.0918
8757249	-84.4113
8759297	-97.1813
8761345	-92.3175
8763393	-88.6679
8765441	-86.5953
8767489	-82.1872
8769537	-97.963
8771585	-94.3928
8773633	-94.5537
8775681	-97.16
8777729	-92.7486
8779777	-87.72
8781825	-96.7666
8783873	-89.048
8785921	-86.6192
8787969	-96.1998
8790017	-89.8944
8792065	-87.3925
8794113	-82.7957
8796161	-83.9501
8798209	-96.001
8800257	-82.8395
8802305	-81.4743
8804353	-82.454
8806401	-95.6884
8808449	-93.9642
8810497	-89.9777
8812545	-82.1698
8814593	-97.6773
8816641	-87.8082
8818689	-98.6976
8820737	-102.607
8822785	-102.243
8824833	-92.2683
8826881	-86.2349
8828929	-101.197
8830977	-98.8521
8833025	-90.3141
8835073	-93.0719
8837121	-94.3139
8839169	-84.6749
8841217	-90.7655
8843265	-90.2891
8845313	-90.1863
8847361	-90.0053
8849409	-93.4697
8851457	-88.2984
8853505	-93.3291
8855553	-88.9536
8857601	-97.324
8859649	-76.9569
8861697	-104.6
8863745	-95.0689
8865793	-92.9768
8867841	-85.6706
8869889	-87.9671
8871937	-91.3801
8873985	-83.311
8876033	-94.3
8878081	-88.8304
8880129	-88.493
8882177	-85.0248
8884225	-83.5971
8886273	-87.0861
8888321	-85.8397
8890369	-91.7966
8892417	-80.4918
8894465	-97.399
8896513	-95.2461
8898561	-90.3972
8900609	-90.9355
8902657	-107.195
8904705	-88.4416
8906753	-90.0806
8908801	-89.775
8910849	-88.4294
8912897	-92.9541
8914945	-87.7275
8916993	-91.1363
8919041	-87.0947
8921089	-106.943
8923137	-96.6017
8925185	-102.516
8927233	-102.149
8929281	-102.857
8931329	-105.786
8933377	-94.2162
8935425	-93.8456
8937473	-89.9833
8939521	-101.682
8941569	-87.0663
8943617	-91.5259
8945665	-95.1067
8947713	-86.8323
8949761	-92.3398
8951809	-99.504
8953857	-106.192
8955905	-95.0607
8957953	-95.9586
8960001	-95.6115
8962049	-94.9095
8964097	-106.734
8966145	-90.9849
8968193	-88.3496
8970241	-97.903
8972289	-91.9904
8974337	-86.9359
8976385	-92.8981
8978433	-92.712
8980481	-85.2252
8982529	-97.1104
8984577	-93.4977
8986625	-108.424
8988673	-99.0805
8990721	-95.974
8992769	-101.188
8994817	-114.555
8996865	-105.296
8998913	-93.0209
9000961	-87.3238
9003009	-95.7156
9005057	-91.2067
9007105	-97.1042
9009153	-93.8162
9011201	-107.015
9013249	-100.595
9015297	-105.813
9017345	-101.719
9019393	-109.708
9021441	-91.723
9023489	-96.0758
9025537	-92.9062
9027585	-98.9404
9029633	-84.9511
9031681	-93.2369
9033729	-83.4391
9035777	-89.4008
9037825	-81.5864
9039873	-93.0687
9041921	-93.6447
9043969	-105.212
9046017	-88.5908
9048065	-88.877
9050113	-89.2573
9052161	-94.4318
9054209	-91.1811
9056257	-83.7838
9058305	-88.778
9060353	-83.6177
9062401	-86.9886
9064449	-92.2948
9066497	-97.8747
9068545	-98.8849
9070593	-92.559
9072641	-96.8998
9074689	-92.8745
9076737	-95.2105
9078785	-94.2885
9080833	-93.3888
9082881	-88.5171
9084929	-87.3038
9086977	-84.7756
9089025	-83.2182
9091073	-83.9355
9093121	-95.7602
9095169	-86.7294
9097217	-88.1634
9099265	-87.8326
9101313	-91.2648
9103361	-92.4016
9105409	-91.2392
9107457	-84.7158
9109505	-90.264
9111553	-102.514
9113601	-91.4762
9115649	-90.6839
9117697	-90.3033
9119745	-101.845
9121793	-87.9441
9123841	-93.259
9125889	-93.4865
9127937	-79.7812
9129985	-92.3285
9132033	-86.6283
9134081	-90.7793
9136129	-90.5139
9138177	-91.6665
9140225	-94.1611
9142273	-89.1865
9144321	-85.2932
9146369	-81.598
9148417	-87.231
9150465	-84.2791
9152513	-82.3817
9154561	-89.2673
9156609	-85.8034
9158657	-86.026
9160705	-88.7119
9162753	-90.0382
9164801	-86.0271
9166849	-83.7787
9168897	-102.63
9170945	-101.113
9172993	-90.6029
9175041	-86.4853
9177089	-96.9222
9179137	-92.7811
9181185	-100.069
9183233	-99.7989
9185281	-86.5242
9187329	-90.67
9189377	-81.4042
9191425	-91.6952
9193473	-99.676
9195521	-89.3507
9197569	-91.041
9199617	-84.0768
9201665	-86.9599
9203713	-84.4808
9205761	-89.0156
9207809	-92.7714
9209857	-90.3697
9211905	-84.8492
9213953	-83.1055
9216001	-78.0491
9218049	-89.6489
9220097	-89.9175
9222145	-88.5616
9224193	-99.9097
9226241	-87.6857
9228289	-89.4416
9230337	-98.8974
9232385	-86.2448
9234433	-86.3766
9236481	-100.561
9238529	-80.9523
9240577	-95.4843
9242625	-84.3574
9244673	-86.2791
9246721	-93.1915
9248769	-87.6414
9250817	-92.2749
9252865	-100.172
9254913	-99.9275
9256961	-98.2199
9259009	-93.1215
9261057	-83.818
9263105	-92.1385
9265153	-82.53
9267201	-89.0883
9269249	-87.337
9271297	-84.3708
9273345	-90.7496
9275393	-83.5389
9277441	-87.2323
9279489	-88.0156
9281537	-88.6523
9283585	-90.6887
9285633	-88.7878
9287681	-99.8992
9289729	-89.5855
9291777	-94.9975
9293825	-86.0757
9295873	-87.3697
9297921	-100.194
9299969	-99.4052
9302017	-91.5483
9304065	-88.5928
9306113	-87.8518
9308161	-86.085
9310209	-77.5493
9312257	-83.9217
9314305	-88.1697
9316353	-89.8367
9318401	-99.6591
9320449	-86.7552
9322497	-83.2738
9324545	-86.1013
9326593	-90.0514
9328641	-82.5718
9330689	-87.167
9332737	-86.9115
9334785	-78.6326
9336833	-83.7107
9338881	-89.5814
9340929	-84.2027
9342977	-89.5986
9345025	-90.6113
9347073	-85.7009
9349121	-89.3759
9351169	-102.964
9353217	-87.7393
9355265	-99.9861
9357313	-81.4786
9359361	-82.0274
9361409	-78.0033
9363457	-82.6098
9365505	-90.689
9367553	-83.1395
9369601	-81.0989
9371649	-81.0983
9373697	-85.8254
9375745	-91.3791
9377793	-99.3387
9379841	-83.8412
9381889	-100.802
9383937	-90.6569
9385985	-94.2688
9388033	-93.4555
9390081	-82.6578
9392129	-97.266
9394177	-89.3135
9396225	-88.0257
9398273	-80.3873
9400321	-95.9395
9402369	-93.5337
9404417	-93.2397
9406465	-96.6071
9408513	-93.2801
9410561	-93.3703
9412609	-85.7156
9414657	-89.6452
9416705	-86.7638
9418753	-92.3499
9420801	-95.6271
9422849	-86.8462
9424897	-91.8726
9426945	-96.4432
9428993	-98.4012
9431041	-94.838
9433089	-86.1083
9435137	-98.9066
9437185	-100.897
9439233	-94.9816
9441281	-104
9443329	-91.8679
9445377	-97.1565
9447425	-91.7696
9449473	-91.5471
9451521	-95.3521
9453569	-96.6053
9455617	-88.4783
9457665	-91.9286
9459713	-95.0567
9461761	-92.9456
9463809	-103.454
9465857	-92.2331
9467905	-98.48
9469953	-93.2108
9472001	-101.164
9474049	-99.7438
9476097	-85.9228
9478145	-97.9619
9480193	-96.8194
9482241	-90.8131
9484289	-87.7251
9486337	-88.2072
9488385	-89.654
9490433	-96.8012
9492481	-94.5431
9494529	-90.9896
9496577	-91.3743
9498625	-97.5996
9500673	-82.4072
9502721	-92.4618
9504769	-101.013
9506817	-99.748
9508865	-89.6906
9510913	-88.2516
9512961	-98.3688
9515009	-92.7755
9517057	-93.5825
9519105	-94.2665
9521153	-96.6787
9523201	-99.3755
9525249	-97.4721
9527297	-89.054
9529345	-97.9091
9531393	-92.6166
9533441	-88.8581
9535489	-85.7682
9537537	-97.6645
9539585	-90.7414
9541633	-81.9126
9543681	-83.1235
9545729	-93.5166
9547777	-84.175
9549825	-101.051
9551873	-98.0256
9553921	-91.8686
9555969	-103.78
9558017	-91.5995
9560065	-97.5161
9562113	-96.0277
9564161	-96.78
9566209	-100.585
9568257	-103.057
9570305	-88.7431
9572353	-93.5435
9574401	-96.1954
9576449	-88.5308
9578497	-92.7679
9580545	-92.2017
9582593	-93.9926
9584641	-99.1593
9586689	-104.42
9588737	-94.9212
9590785	-102.338
9592833	-98.1577
9594881	-89.9863
9596929	-92.076
9598977	-88.6493
9601025	-89.9381
9603073	-90.5994
9605121	-99.7162
9607169	-84.9349
9609217	-93.6284
9611265	-90.5716
9613313	-98.2508
9615361	-88.7883
9617409	-95.1063
9619457	-93.3395
9621505	-104.458
9623553	-100.293
9625601	-89.632
9627649	-96.7602
9629697	-108.663
9631745	-84.2971
9633793	-93.4449
9635841	-96.3885
9637889	-91.4806
9639937	-99.3346
9641985	-100.557
9644033	-90.252
9646081	-91.4797
9648129	-94.231
9650177	-94.4103
9652225	-87.3116
9654273	-92.3362
9656321	-91.4261
9658369	-90.5997
9660417	-93.5632
9662465	-90.4743
9664513	-99.2645
9666561	-92.3632
9668609	-96.03
9670657	-95.4714
9672705	-94.9114
9674753	-103.816
9676801	-88.5603
9678849	-105.393
9680897	-106.795
9682945	-106.693
9684993	-95.6782
9687041	-88.6409
9689089	-87.5722
9691137	-83.385
9693185	-84.4877
9695233	-84.1693
9697281	-85.5982
9699329	-105.051
9701377	-86.1583
9703425	-89.7304
9705473	-93.3416
9707521	-83.1134
9709569	-95.0158
9711617	-88.7862
9713665	-91.2598
9715713	-91.5708
9717761	-91.6354
9719809	-89.1201
9721857	-90.5871
9723905	-83.1804
9725953	-93.0174
9728001	-93.4705
9730049	-92.8726
9732097	-92.7781
9734145	-106.316
9736193	-88.5073
9738241	-97.5332
9740289	-95.6655
9742337	-90.9567
9744385	-88.1979
9746433	-90.1221
9748481	-102.06
9750529	-102.028
9752577	-101.853
9754625	-97.7606
9756673	-82.481
9758721	-95.2591
9760769	-95.0321
9762817	-85.7837
9764865	-83.2046
9766913	-93.3684
9768961	-92.4355
9771009	-87.1331
9773057	-91.9105
9775105	-92.7704
9777153	-94.7421
9779201	-86.52
9781249	-88.5347
9783297	-94.5864
9785345	-86.7111
9787393	-94.2726
9789441	-100.278
9791489	-85.5519
9793537	-97.7341
9795585	-83.3437
9797633	-96.8011
9799681	-92.0832
9801729	-82.1783
9803777	-91.848
9805825	-88.7673
9807873	-93.1595
9809921	-93.5262
9811969	-94.2706
9814017	-97.4174
9816065	-93.9414
9818113	-93.0288
9820161	-94.8911
9822209	-89.3615
9824257	-86.5495
9826305	-81.5389
9828353	-98.6281
9830401	-84.3219
9832449	-89.334
9834497	-93.8336
9836545	-91.6912
9838593	-91.748
9840641	-98.8591
9842689	-90.3951
9844737	-90.6613
9846785	-82.9433
9848833	-95.1526
9850881	-97.8546
9852929	-88.4683
9854977	-89.6732
9857025	-85.7004
9859073	-103.883
9861121	-88.0878
9863169	-93.1559
9865217	-83.0743
9867265	-99.3061
9869313	-84.1793
9871361	-77.2846
9873409	-88.2643
9875457	-88.9946
9877505	-90.5224
9879553	-81.0725
9881601	-93.7117
9883649	-85.5181
9885697	-83.2386
9887745	-94.9085
9889793	-89.4527
9891841	-88.3906
9893889	-82.0262
9895937	-87.177
9897985	-85.7905
9900033	-91.3653
9902081	-90.6033
9904129	-93.7153
9906177	-96.29
9908225	-91.5259
9910273	-87.2891
9912321	-96.1571
9914369	-108.363
9916417	-102.57
9918465	-104.588
9920513	-96.1306
9922561	-93.2001
9924609	-92.7223
9926657	-99.491
9928705	-87.3181
9930753	-96.7136
9932801	-100.292
9934849	-99.7367
9936897	-93.2054
9938945	-88.3518
9940993	-98.6759
9943041	-100.463
9945089	-94.5859
9947137	-86.278
9949185	-94.5165
9951233	-86.3582
9953281	-91.4902
9955329	-100.625
9957377	-89.7353
9959425	-98.5112
9961473	-98.6261
9963521	-81.4669
9965569	-84.0929
9967617	-90.8286
9969665	-80.313
9971713	-95.4378
9973761	-96.0255
9975809	-93.978
9977857	-84.2296
9979905	-91.0749
9981953	-85.2798
9984001	-91.2011
9986049	-84.5653
9988097	-79.2797
9990145	-93.7855
9992193	-84.5447
9994241	-96.5046
9996289	-84.9931
9998337	-98.5464
10000385	-81.8066
10002433	-92.6217
10004481	-90.2764
10006529	-86.5681
10008577	-85.9968
10010625	-89.7392
10012673	-90.1845
10014721	-86.726
10016769	-90.4037
10018817	-85.3119
10020865	-82.9372
10022913	-91.7221
10024961	-96.6391
10027009	-94.3586
10029057	-81.6675
10031105	-91.271
10033153	-87.7158
10035201	-86.3627
10037249	-101.022
10039297	-93.1555
10041345	-107.005
10043393	-93.5756
10045441	-82.9678
10047489	-82.9889
10049537	-90.705
10051585	-92.0214
10053633	-92.6425
10055681	-89.4411
10057729	-99.5733
10059777	-93.3819
10061825	-91.4373
10063873	-83.4944
10065921	-88.1239
10067969	-97.4236
10070017	-93.498
10072065	-95.5221
10074113	-92.9802
10076161	-93.9192
10078209	-87.9098
10080257	-95.8892
10082305	-92.9159
10084353	-100.51
10086401	-84.7756
10088449	-96.1903
10090497	-97.2511
10092545	-97.0786
10094593	-81.5207
10096641	-88.062
10098689	-84.1682
10100737	-90.8722
10102785	-95.584
10104833	-81.6802
10106881	-88.2525
10108929	-91.7198
10110977	-86.6038
10113025	-91.3692
10115073	-82.2453
10117121	-91.7106
10119169	-82.7644
10121217	-99.3554
10123265	-92.9594
10125313	-91.1773
10127361	-87.2159
10129409	-81.4157
10131457	-87.3118
10133505	-95.3984
10135553	-88.8321
10137601	-80.9828
10139649	-87.619
10141697	-83.5773
10143745	-86.362
10145793	-83.9331
10147841	-87.4656
10149889	-98.2652
10151937	-86.6239
10153985	-88.19
10156033	-91.1916
10158081	-86.3932
10160129	-90.2078
10162177	-95.0554
10164225	-86.1818
10166273	-91.7878
10168321	-98.4548
10170369	-92.7057
10172417	-96.1507
10174465	-95.3165
10176513	-89.5217
10178561	-93.6123
10180609	-88.1288
10182657	-94.1572
10184705	-88.8896
10186753	-89.265
10188801	-96.7784
10190849	-97.1853
10192897	-93.4413
10194945	-90.8772
10196993	-92.3824
10199041	-84.1079
10201089	-95.7696
10203137	-93.2562
10205185	-88.9993
10207233	-89.2347
10209281	-88.9814
10211329	-80.95
10213377	-90.2838
10215425	-88.9822
10217473	-90.5285
10219521	-89.914
10221569	-95.0965
10223617	-86.0557
10225665	-89.4947
10227713	-91.0866
10229761	-82.5198
10231809	-108.632
10233857	-91.2695
10235905	-91.6779
10237953	-88.7383
10240001	-95.3163
10242049	-91.6529
10244097	-83.3663
10246145	-102.108
10248193	-99.9692
10250241	-98.4241
10252289	-88.4014
10254337	-101.172
10256385	-89.7168
10258433	-95.3539
10260481	-91.3095
10262529	-99.5288
10264577	-92.5032
10266625	-103.295
10268673	-106.179
10270721	-102.574
10272769	-90.7189
10274817	-83.5195
10276865	-92.9413
10278913	-88.2326
10280961	-95.2409
10283009	-86.7829
10285057	-97.0858
10287105	-97.8265
10289153	-87.158
10291201	-88.8359
10293249	-90.0201
10295297	-84.2847
10297345	-88.2582
10299393	-93.5021
10301441	-89.858
10303489	-89.9352
10305537	-88.2567
10307585	-83.4911
10309633	-97.9307
10311681	-81.7954
10313729	-84.6732
10315777	-86.1429
10317825	-95.1807
10319873	-80.5593
10321921	-92.4681
10323969	-81.6532
10326017	-94.7328
10328065	-87.4841
10330113	-94.5995
10332161	-92.2287
10334209	-88.0513
10336257	-91.0317
10338305	-85.8436
10340353	-86.4285
10342401	-82.5191
10344449	-93.7201
10346497	-83.2973
10348545	-98.0742
10350593	-84.1631
10352641	-82.0669
10354689	-94.6897
10356737	-83.9504
10358785	-87.958
10360833	-101.092
10362881	-77.939
10364929	-90.9478
10366977	-93.1278
10369025	-95.6052
10371073	-96.0713
10373121	-96.8918
10375169	-77.8048
10377217	-82.272
10379265	-88.3605
10381313	-89.9169
10383361	-97.6639
10385409	-96.7174
10387457	-88.9691
10389505	-88.4243
10391553	-84.0651
10393601	-88.2601
10395649	-82.6914
10397697	-93.0903
10399745	-93.7026
10401793	-95.4776
10403841	-87.7102
10405889	-91.0344
10407937	-92.2464
10409985	-77.3362
10412033	-89.1956
10414081	-99.5244
10416129	-86.0809
10418177	-81.0788
10420225	-86.5787
10422273	-83.8899
10424321	-87.1341
10426369	-80.5277
10428417	-81.259
10430465	-83.4876
10432513	-94.8461
10434561	-92.1594
10436609	-86.6112
10438657	-96.3824
10440705	-94.1782
10442753	-91.4939
10444801	-89.8663
10446849	-99.2796
10448897	-91.7162
10450945	-90.0728
10452993	-93.1594
10455041	-84.7388
10457089	-80.6818
10459137	-85.532
10461185	-81.7011
10463233	-91.392
10465281	-90.0483
10467329	-86.0008
10469377	-103.384
10471425	-92.4269
10473473	-99.8957
10475521	-99.8629
10477569	-89.0371
10479617	-96.7969
10481665	-98.0748
10483713	-95.1997
10485761	-88.5768
10487809	-85.1384
10489857	-93.9168
10491905	-100.665
10493953	-95.369
10496001	-87.4368
10498049	-103.04
10500097	-98.3578
10502145	-97.0251
10504193	-87.4076
10506241	-90.4503
10508289	-90.7777
10510337	-93.8785
10512385	-85.8779
10514433	-94.2608
10516481	-96.487
10518529	-97.4289
10520577	-93.8552
10522625	-93.6234
10524673	-91.5827
10526721	-84.5464
10528769	-85.5839
10530817	-98.2745
10532865	-82.7708
10534913	-92.3765
10536961	-84.2281
10539009	-83.7548
10541057	-83.5741
10543105	-87.1635
10545153	-88.7648
10547201	-94.9002
10549249	-87.1501
10551297	-79.9129
10553345	-79.9639
10555393	-87.2791
10557441	-95.7861
10559489	-75.2174
10561537	-91.0493
10563585	-87.9473
10565633	-96.5093
10567681	-95.5573
10569729	-100.68
10571777	-86.9016
10573825	-95.6103
10575873	-90.4976
10577921	-92.2397
10579969	-98.0378
10582017	-90.8144
10584065	-83.5985
10586113	-84.6441
10588161	-79.9895
10590209	-97.8743
10592257	-94.6997
10594305	-90.9411
10596353	-96.9439
10598401	-83.7191
10600449	-82.6624
10602497	-85.9529
10604545	-86.5615
10606593	-88.1997
10608641	-89.1781
10610689	-98.1215
10612737	-85.2689
10614785	-89.3094
10616833	-89.8879
10618881	-90.825
10620929	-91.5949
10622977	-89.9308
10625025	-89.1147
10627073	-90.2579
10629121	-91.242
10631169	-90.3815
10633217	-107.266
10635265	-89.2889
10637313	-86.1238
10639361	-98.0512
10641409	-96.0046
10643457	-87.6715
10645505	-93.7685
10647553	-87.9436
10649601	-88.0049
10651649	-85.118
10653697	-88.4325
10655745	-95.4129
10657793	-86.7648
10659841	-83.396
10661889	-96.8967
10663937	-95.0216
10665985	-82.1843
10668033	-82.8009
10670081	-85.0519
10672129	-95.0797
10674177	-86.5316
10676225	-97.6353
10678273	-91.7993
10680321	-84.4874
10682369	-84.7571
10684417	-80.6702
10686465	-90.7701
10688513	-85.8886
10690561	-84.0244
10692609	-89.681
10694657	-92.0084
10696705	-91.7094
10698753	-87.9953
10700801	-88.3259
10702849	-92.2642
10704897	-94.9691
10706945	-90.9661
10708993	-90.7481
10711041	-95.841
10713089	-101.405
10715137	-94.131
10717185	-103.851
10719233	-104.816
10721281	-102.208
10723329	-91.5984
10725377	-90.3014
10727425	-88.7133
10729473	-84.3907
10731521	-86.2399
10733569	-89.875
10735617	-90.1112
10737665	-85.0851
10739713	-81.2983
10741761	-96.5525
10743809	-87.9683
10745857	-81.247
10747905	-95.6752
10749953	-100.836
10752001	-86.8425
10754049	-87.5522
10756097	-92.4595
10758145	-94.8394
10760193	-88.3039
10762241	-88.4195
10764289	-85.94
10766337	-92.6816
10768385	-84.9722
10770433	-94.9399
10772481	-99.6777
10774529	-84.7557
10776577	-90.8373
10778625	-92.0794
10780673	-88.7655
10782721	-81.4358
10784769	-84.5915
10786817	-90.9515
10788865	-87.8291
10790913	-93.5094
10792961	-78.448
10795009	-90.8464
10797057	-89.0985
10799105	-86.1413
10801153	-81.149
10803201	-89.0768
10805249	-93.6594
10807297	-94.6094
10809345	-88.8645
10811393	-87.135
10813441	-93.4645
10815489	-93.35
10817537	-95.6071
10819585	-95.4821
10821633	-92.45
10823681	-87.6722
10825729	-93.3481
10827777	-84.0659
10829825	-84.9137
10831873	-83.4373
10833921	-100.229
10835969	-91.8313
10838017	-95.4375
10840065	-96.3634
10842113	-102.563
10844161	-92.8458
10846209	-108.04
10848257	-97.0809
10850305	-95.6825
10852353	-92.7134
10854401	-89.1145
10856449	-106.969
10858497	-99.3857
10860545	-87.8346
10862593	-91.5818
10864641	-90.4875
10866689	-83.3618
10868737	-91.0716
10870785	-89.956
10872833	-96.5264
10874881	-86.0795
10876929	-89.178
10878977	-87.0506
10881025	-85.8064
10883073	-94.5003
10885121	-83.79
10887169	-85.8045
10889217	-98.6921
10891265	-93.9635
10893313	-91.2731
10895361	-93.2609
10897409	-88.0471
10899457	-85.6612
10901505	-89.7642
10903553	-94.0244
10905601	-94.0251
10907649	-85.9262
10909697	-88.0318
10911745	-91.0448
10913793	-90.0608
10915841	-85.5493
10917889	-90.3198
10919937	-90.6322
10921985	-95.4421
10924033	-86.4679
10926081	-94.5728
10928129	-87.4545
10930177	-85.912
10932225	-85.7145
10934273	-86.2067
10936321	-83.6812
10938369	-88.8775
10940417	-81.9578
10942465	-93.4341
10944513	-82.8217
10946561	-90.3774
10948609	-83.2139
10950657	-84.0156
10952705	-86.6324
10954753	-86.1519
10956801	-92.929
10958849	-82.7336
10960897	-81.8501
10962945	-87.2535
10964993	-90.1285
10967041	-82.1116
10969089	-96.0414
10971137	-85.3087
10973185	-83.9599
10975233	-88.4303
10977281	-86.4396
10979329	-90.4185
10981377	-100.161
10983425	-96.7244
10985473	-84.3695
10987521	-96.258
10989569	-85.5532
10991617	-94.4089
10993665	-85.9121
10995713	-87.0889
10997761	-87.1975
10999809	-83.3341
11001857	-83.2245
11003905	-94.8569
11005953	-91.9205
11008001	-84.8112
