1050000000
900000000
225000000
83000000
73000000
35000000
32000000
27400000
23000000
19000000
15374986
15000000
11721548
11708887
11300000
11000000
10260000
10000000
10000000
10000000
10000000
8000000
8000000
7399915
6500000
6500000
6000000
6000000
5500000
5000000
5000000
5000000
4500000
4400000
4350000
4000000
4000000
4000000
3850000
3500000
3120000
3106000
3000000
3000000
3000000
3000000
3000000
3000000
3000000
2863232
2800000
2800000
2644296
2600000
2582440
2560201
2500000
2500000
2500000
2350000
2300000
2200000
2094338
2000000
2000000
2000000
2000000
2000000
2000000
2000000
2000000
2000000
2000000
1660248
1630000
1625994
1600000
1500000
1500000
1500000
1455855
1440000
1403180
1400000
1400000
1386000
1377320
1300000
1300000
1280000
1252369
1250000
1250000
1216657
1200000
1200000
1200000
1200000
1125000
1070000
1043943
1043943
1050000
