2.50202e+06
2.01455e+06
1.73848e+06
1.54449e+06
1.54449e+06
1.19381e+06
1.05453e+06
843126
775975
773488
773488
773488
771001
693901
683952
678978
669030
631723
581981
579494
574520
569546
562084
547162
544675
497420
494933
480010
477523
472549
470062
465087
465087
460113
455139
432755
425294
412858
402910
402910
397936
385500
380526
378039
370578
370578
363116
350681
340733
333271
330784
323323
310887
305913
303426
298452
293478
290991
290991
286016
281042
281042
278555
273581
273581
268607
268607
266120
263632
261145
261145
256171
256171
253684
248710
246223
246223
243736
241249
238761
236274
236274
236274
233787
231300
228813
228813
228813
228813
228813
226326
226326
226326
216378
216378
211403
211403
208916
208916
206429
206429
203942
203942
203942
201455
201455
198968
198968
198968
193994
193994
193994
191507
191507
189020
186532
186532
186532
186532
186532
186532
184045
184045
181558
179071
174097
174097
174097
171610
171610
171610
169123
169123
169123
169123
166636
166636
166636
164149
164149
164149
161661
161661
161661
161661
159174
159174
156687
156687
154200
154200
151713
149226
149226
149226
146739
146739
146739
146739
144252
144252
144252
141765
141765
141765
141765
139278
139278
139278
139278
136790
136790
136790
136790
136790
136790
136790
136790
134303
134303
134303
134303
134303
134303
134303
131816
131816
131816
131816
131816
131816
129329
129329
129329
129329
129329
129329
129329
126842
126842
126842
126842
126842
126842
126842
126842
126842
126842
124355
124355
121868
121868
121868
121868
119381
119381
119381
119381
119381
119381
119381
116894
116894
116894
116894
114407
114407
114407
114407
114407
114407
114407
111919
111919
111919
111919
111919
111919
111919
109432
109432
109432
109432
106945
106945
106945
106945
106945
104458
104458
104458
104458
104458
104458
104458
104458
101971
101971
101971
101971
101971
101971
101971
99483.9
99483.9
99483.9
99483.9
99483.9
99483.9
99483.9
96996.9
96996.9
96996.9
96996.9
96996.9
96996.9
96996.9
96996.9
96996.9
96996.9
96996.9
96996.9
94509.8
94509.8
94509.8
94509.8
94509.8
94509.8
92022.7
92022.7
92022.7
92022.7
92022.7
92022.7
92022.7
92022.7
92022.7
92022.7
92022.7
89535.6
89535.6
89535.6
89535.6
89535.6
89535.6
87048.5
87048.5
87048.5
87048.5
87048.5
87048.5
87048.5
87048.5
87048.5
87048.5
87048.5
84561.4
84561.4
84561.4
84561.4
84561.4
84561.4
84561.4
84561.4
82074.3
82074.3
82074.3
82074.3
82074.3
82074.3
82074.3
82074.3
82074.3
82074.3
79587.2
79587.2
79587.2
79587.2
79587.2
79587.2
79587.2
79587.2
79587.2
77100.1
77100.1
77100.1
77100.1
77100.1
77100.1
77100.1
77100.1
77100.1
77100.1
77100.1
77100.1
77100.1
74613
74613
74613
74613
74613
74613
74613
74613
74613
74613
74613
74613
74613
74613
74613
74613
74613
74613
74613
74613
74613
74613
72125.9
72125.9
72125.9
72125.9
72125.9
72125.9
72125.9
72125.9
72125.9
72125.9
72125.9
72125.9
72125.9
72125.9
72125.9
72125.9
69638.8
69638.8
69638.8
69638.8
69638.8
69638.8
69638.8
69638.8
69638.8
69638.8
69638.8
67151.7
67151.7
67151.7
67151.7
67151.7
67151.7
67151.7
67151.7
67151.7
67151.7
67151.7
67151.7
67151.7
67151.7
67151.7
67151.7
67151.7
67151.7
67151.7
67151.7
64664.6
64664.6
64664.6
64664.6
64664.6
64664.6
64664.6
64664.6
64664.6
64664.6
64664.6
64664.6
64664.6
64664.6
64664.6
64664.6
64664.6
64664.6
64664.6
62177.5
62177.5
62177.5
62177.5
62177.5
62177.5
62177.5
62177.5
62177.5
62177.5
62177.5
62177.5
62177.5
62177.5
62177.5
62177.5
62177.5
62177.5
62177.5
62177.5
59690.4
59690.4
59690.4
59690.4
59690.4
59690.4
59690.4
59690.4
59690.4
59690.4
59690.4
59690.4
59690.4
59690.4
59690.4
59690.4
59690.4
59690.4
59690.4
59690.4
59690.4
59690.4
59690.4
59690.4
59690.4
57203.3
57203.3
57203.3
57203.3
57203.3
57203.3
57203.3
57203.3
57203.3
57203.3
57203.3
57203.3
57203.3
57203.3
57203.3
57203.3
57203.3
57203.3
57203.3
57203.3
57203.3
57203.3
57203.3
57203.3
57203.3
57203.3
57203.3
57203.3
54716.2
54716.2
54716.2
54716.2
54716.2
54716.2
54716.2
54716.2
54716.2
54716.2
54716.2
54716.2
54716.2
54716.2
54716.2
54716.2
54716.2
54716.2
54716.2
54716.2
54716.2
54716.2
54716.2
54716.2
52229.1
52229.1
52229.1
52229.1
52229.1
52229.1
52229.1
52229.1
52229.1
52229.1
52229.1
52229.1
52229.1
52229.1
52229.1
52229.1
52229.1
52229.1
52229.1
52229.1
52229.1
52229.1
52229.1
52229.1
52229.1
52229.1
52229.1
52229.1
52229.1
52229.1
49742
49742
49742
49742
49742
49742
49742
49742
49742
49742
49742
49742
49742
49742
49742
49742
49742
49742
49742
49742
49742
49742
49742
49742
49742
49742
49742
49742
49742
49742
49742
49742
49742
49742
49742
47254.9
47254.9
47254.9
47254.9
47254.9
47254.9
47254.9
47254.9
47254.9
47254.9
47254.9
47254.9
47254.9
47254.9
47254.9
47254.9
47254.9
47254.9
47254.9
47254.9
47254.9
47254.9
47254.9
47254.9
47254.9
47254.9
47254.9
47254.9
47254.9
47254.9
47254.9
47254.9
47254.9
47254.9
47254.9
47254.9
44767.8
44767.8
44767.8
44767.8
44767.8
44767.8
44767.8
44767.8
44767.8
44767.8
44767.8
44767.8
44767.8
44767.8
44767.8
44767.8
44767.8
44767.8
44767.8
44767.8
44767.8
44767.8
44767.8
44767.8
44767.8
44767.8
44767.8
44767.8
44767.8
44767.8
44767.8
44767.8
42280.7
42280.7
42280.7
42280.7
42280.7
42280.7
42280.7
42280.7
42280.7
42280.7
42280.7
42280.7
42280.7
42280.7
42280.7
42280.7
42280.7
42280.7
42280.7
42280.7
42280.7
42280.7
42280.7
42280.7
42280.7
42280.7
42280.7
42280.7
42280.7
42280.7
42280.7
42280.7
42280.7
42280.7
42280.7
42280.7
42280.7
42280.7
42280.7
42280.7
42280.7
39793.6
39793.6
39793.6
39793.6
39793.6
39793.6
39793.6
39793.6
39793.6
39793.6
39793.6
39793.6
39793.6
39793.6
39793.6
39793.6
39793.6
39793.6
39793.6
39793.6
39793.6
39793.6
39793.6
39793.6
39793.6
39793.6
39793.6
39793.6
39793.6
39793.6
39793.6
39793.6
39793.6
39793.6
39793.6
39793.6
39793.6
39793.6
39793.6
39793.6
39793.6
39793.6
39793.6
39793.6
39793.6
39793.6
39793.6
39793.6
39793.6
39793.6
39793.6
39793.6
39793.6
39793.6
37306.5
37306.5
37306.5
37306.5
37306.5
37306.5
37306.5
37306.5
37306.5
37306.5
37306.5
37306.5
37306.5
37306.5
37306.5
37306.5
37306.5
37306.5
37306.5
37306.5
37306.5
37306.5
37306.5
37306.5
37306.5
37306.5
37306.5
37306.5
37306.5
37306.5
37306.5
37306.5
37306.5
37306.5
37306.5
37306.5
37306.5
37306.5
37306.5
37306.5
37306.5
37306.5
37306.5
37306.5
37306.5
37306.5
37306.5
37306.5
37306.5
37306.5
37306.5
37306.5
37306.5
37306.5
37306.5
37306.5
37306.5
37306.5
37306.5
37306.5
37306.5
34819.4
34819.4
34819.4
34819.4
34819.4
34819.4
34819.4
34819.4
34819.4
34819.4
34819.4
34819.4
34819.4
34819.4
34819.4
34819.4
34819.4
34819.4
34819.4
34819.4
34819.4
34819.4
34819.4
34819.4
34819.4
34819.4
34819.4
34819.4
34819.4
34819.4
34819.4
34819.4
34819.4
34819.4
34819.4
34819.4
34819.4
34819.4
34819.4
34819.4
34819.4
34819.4
34819.4
34819.4
34819.4
34819.4
34819.4
34819.4
34819.4
34819.4
34819.4
34819.4
34819.4
34819.4
34819.4
34819.4
34819.4
32332.3
32332.3
32332.3
32332.3
32332.3
32332.3
32332.3
32332.3
32332.3
32332.3
32332.3
32332.3
32332.3
32332.3
32332.3
32332.3
32332.3
32332.3
32332.3
32332.3
32332.3
32332.3
32332.3
32332.3
32332.3
32332.3
32332.3
32332.3
32332.3
32332.3
32332.3
32332.3
32332.3
32332.3
32332.3
32332.3
32332.3
32332.3
32332.3
32332.3
32332.3
32332.3
32332.3
32332.3
32332.3
32332.3
32332.3
32332.3
32332.3
32332.3
32332.3
32332.3
32332.3
32332.3
32332.3
32332.3
32332.3
32332.3
32332.3
32332.3
32332.3
32332.3
32332.3
32332.3
32332.3
32332.3
32332.3
32332.3
32332.3
32332.3
32332.3
32332.3
32332.3
32332.3
29845.2
29845.2
29845.2
29845.2
29845.2
29845.2
29845.2
29845.2
29845.2
29845.2
29845.2
29845.2
29845.2
29845.2
29845.2
29845.2
29845.2
29845.2
29845.2
29845.2
29845.2
29845.2
29845.2
29845.2
29845.2
29845.2
29845.2
29845.2
29845.2
29845.2
29845.2
29845.2
29845.2
29845.2
29845.2
29845.2
29845.2
29845.2
29845.2
29845.2
29845.2
29845.2
29845.2
29845.2
29845.2
29845.2
29845.2
29845.2
29845.2
29845.2
29845.2
29845.2
29845.2
29845.2
29845.2
29845.2
29845.2
29845.2
29845.2
29845.2
29845.2
29845.2
29845.2
29845.2
29845.2
29845.2
29845.2
29845.2
29845.2
29845.2
29845.2
29845.2
29845.2
29845.2
29845.2
29845.2
29845.2
29845.2
29845.2
29845.2
29845.2
29845.2
29845.2
29845.2
29845.2
29845.2
27358.1
27358.1
27358.1
27358.1
27358.1
27358.1
27358.1
27358.1
27358.1
27358.1
27358.1
27358.1
27358.1
27358.1
27358.1
27358.1
27358.1
27358.1
27358.1
27358.1
27358.1
27358.1
27358.1
27358.1
27358.1
27358.1
27358.1
27358.1
27358.1
27358.1
27358.1
27358.1
27358.1
27358.1
27358.1
27358.1
27358.1
27358.1
27358.1
27358.1
27358.1
27358.1
27358.1
27358.1
27358.1
27358.1
27358.1
27358.1
27358.1
27358.1
27358.1
27358.1
27358.1
27358.1
27358.1
27358.1
27358.1
27358.1
27358.1
27358.1
27358.1
27358.1
27358.1
27358.1
27358.1
27358.1
27358.1
27358.1
27358.1
27358.1
27358.1
27358.1
27358.1
27358.1
27358.1
27358.1
27358.1
27358.1
27358.1
27358.1
27358.1
27358.1
27358.1
27358.1
27358.1
27358.1
27358.1
27358.1
27358.1
27358.1
27358.1
27358.1
27358.1
27358.1
27358.1
27358.1
27358.1
27358.1
27358.1
27358.1
27358.1
27358.1
27358.1
27358.1
27358.1
27358.1
27358.1
27358.1
27358.1
27358.1
27358.1
27358.1
27358.1
27358.1
27358.1
27358.1
27358.1
27358.1
27358.1
27358.1
27358.1
27358.1
24871
24871
24871
24871
24871
24871
24871
24871
24871
24871
24871
24871
24871
24871
24871
24871
24871
24871
24871
24871
24871
24871
24871
24871
24871
24871
24871
24871
24871
24871
24871
24871
24871
24871
24871
24871
24871
24871
24871
24871
24871
24871
24871
24871
24871
24871
24871
24871
24871
24871
24871
24871
24871
24871
24871
24871
24871
24871
24871
24871
24871
24871
24871
24871
24871
24871
24871
24871
24871
24871
24871
24871
24871
24871
24871
24871
24871
24871
24871
24871
24871
24871
24871
24871
24871
24871
24871
24871
24871
24871
24871
24871
24871
24871
24871
24871
24871
24871
24871
24871
24871
24871
24871
24871
24871
24871
24871
24871
24871
24871
24871
24871
24871
24871
24871
24871
24871
24871
24871
24871
24871
24871
24871
24871
24871
24871
24871
24871
22383.9
22383.9
22383.9
22383.9
22383.9
22383.9
22383.9
22383.9
22383.9
22383.9
22383.9
22383.9
22383.9
22383.9
22383.9
22383.9
22383.9
22383.9
22383.9
22383.9
22383.9
22383.9
22383.9
22383.9
22383.9
22383.9
22383.9
22383.9
22383.9
22383.9
22383.9
22383.9
22383.9
22383.9
22383.9
22383.9
22383.9
22383.9
22383.9
22383.9
22383.9
22383.9
22383.9
22383.9
22383.9
22383.9
22383.9
22383.9
22383.9
22383.9
22383.9
22383.9
22383.9
22383.9
22383.9
22383.9
22383.9
22383.9
22383.9
22383.9
22383.9
22383.9
22383.9
22383.9
22383.9
22383.9
22383.9
22383.9
22383.9
22383.9
22383.9
22383.9
22383.9
22383.9
22383.9
22383.9
22383.9
22383.9
22383.9
22383.9
22383.9
22383.9
22383.9
22383.9
22383.9
22383.9
22383.9
22383.9
22383.9
22383.9
22383.9
22383.9
22383.9
22383.9
22383.9
22383.9
22383.9
22383.9
22383.9
22383.9
22383.9
22383.9
22383.9
22383.9
22383.9
22383.9
22383.9
22383.9
22383.9
22383.9
22383.9
22383.9
22383.9
22383.9
22383.9
22383.9
22383.9
22383.9
22383.9
22383.9
22383.9
22383.9
22383.9
22383.9
22383.9
22383.9
22383.9
22383.9
22383.9
22383.9
22383.9
22383.9
22383.9
22383.9
22383.9
22383.9
22383.9
22383.9
22383.9
22383.9
22383.9
22383.9
22383.9
22383.9
22383.9
22383.9
22383.9
22383.9
22383.9
22383.9
22383.9
22383.9
22383.9
22383.9
22383.9
22383.9
19896.8
19896.8
19896.8
19896.8
19896.8
19896.8
19896.8
19896.8
19896.8
19896.8
19896.8
19896.8
19896.8
19896.8
19896.8
19896.8
19896.8
19896.8
19896.8
19896.8
19896.8
19896.8
19896.8
19896.8
19896.8
19896.8
19896.8
19896.8
19896.8
19896.8
19896.8
19896.8
19896.8
19896.8
19896.8
19896.8
19896.8
19896.8
19896.8
19896.8
19896.8
19896.8
19896.8
19896.8
19896.8
19896.8
19896.8
19896.8
19896.8
19896.8
19896.8
19896.8
19896.8
19896.8
19896.8
19896.8
19896.8
19896.8
19896.8
19896.8
19896.8
19896.8
19896.8
19896.8
19896.8
19896.8
19896.8
19896.8
19896.8
19896.8
19896.8
19896.8
19896.8
19896.8
19896.8
19896.8
19896.8
19896.8
19896.8
19896.8
19896.8
19896.8
19896.8
19896.8
19896.8
19896.8
19896.8
19896.8
19896.8
19896.8
19896.8
19896.8
19896.8
19896.8
19896.8
19896.8
19896.8
19896.8
19896.8
19896.8
19896.8
19896.8
19896.8
19896.8
19896.8
19896.8
19896.8
19896.8
19896.8
19896.8
19896.8
19896.8
19896.8
19896.8
19896.8
19896.8
19896.8
19896.8
19896.8
19896.8
19896.8
19896.8
19896.8
19896.8
19896.8
19896.8
19896.8
19896.8
19896.8
19896.8
19896.8
19896.8
19896.8
19896.8
19896.8
19896.8
19896.8
19896.8
19896.8
19896.8
19896.8
19896.8
19896.8
19896.8
19896.8
19896.8
19896.8
19896.8
19896.8
19896.8
19896.8
19896.8
19896.8
19896.8
19896.8
19896.8
19896.8
19896.8
19896.8
19896.8
19896.8
19896.8
19896.8
19896.8
19896.8
19896.8
19896.8
19896.8
19896.8
19896.8
19896.8
19896.8
19896.8
19896.8
19896.8
19896.8
19896.8
19896.8
19896.8
19896.8
19896.8
19896.8
19896.8
19896.8
19896.8
19896.8
19896.8
19896.8
19896.8
19896.8
19896.8
19896.8
19896.8
19896.8
19896.8
19896.8
19896.8
19896.8
19896.8
19896.8
19896.8
19896.8
19896.8
19896.8
19896.8
19896.8
19896.8
19896.8
19896.8
19896.8
17409.7
17409.7
17409.7
17409.7
17409.7
17409.7
17409.7
17409.7
17409.7
17409.7
17409.7
17409.7
17409.7
17409.7
17409.7
17409.7
17409.7
17409.7
17409.7
17409.7
17409.7
17409.7
17409.7
17409.7
17409.7
17409.7
17409.7
17409.7
17409.7
17409.7
17409.7
17409.7
17409.7
17409.7
17409.7
17409.7
17409.7
17409.7
17409.7
17409.7
17409.7
17409.7
17409.7
17409.7
17409.7
17409.7
17409.7
17409.7
17409.7
17409.7
17409.7
17409.7
17409.7
17409.7
17409.7
17409.7
17409.7
17409.7
17409.7
17409.7
17409.7
17409.7
17409.7
17409.7
17409.7
17409.7
17409.7
17409.7
17409.7
17409.7
17409.7
17409.7
17409.7
17409.7
17409.7
17409.7
17409.7
17409.7
17409.7
17409.7
17409.7
17409.7
17409.7
17409.7
17409.7
17409.7
17409.7
17409.7
17409.7
17409.7
17409.7
17409.7
17409.7
17409.7
17409.7
17409.7
17409.7
17409.7
17409.7
17409.7
17409.7
17409.7
17409.7
17409.7
17409.7
17409.7
17409.7
17409.7
17409.7
17409.7
17409.7
17409.7
17409.7
17409.7
17409.7
17409.7
17409.7
17409.7
17409.7
17409.7
17409.7
17409.7
17409.7
17409.7
17409.7
17409.7
17409.7
17409.7
17409.7
17409.7
17409.7
17409.7
17409.7
17409.7
17409.7
17409.7
17409.7
17409.7
17409.7
17409.7
17409.7
17409.7
17409.7
17409.7
17409.7
17409.7
17409.7
17409.7
17409.7
17409.7
17409.7
17409.7
17409.7
17409.7
17409.7
17409.7
17409.7
17409.7
17409.7
17409.7
17409.7
17409.7
17409.7
17409.7
17409.7
17409.7
17409.7
17409.7
17409.7
17409.7
17409.7
17409.7
17409.7
17409.7
17409.7
17409.7
17409.7
17409.7
17409.7
17409.7
17409.7
17409.7
17409.7
17409.7
17409.7
17409.7
17409.7
17409.7
17409.7
17409.7
17409.7
17409.7
17409.7
17409.7
17409.7
17409.7
17409.7
17409.7
17409.7
17409.7
17409.7
17409.7
17409.7
17409.7
17409.7
17409.7
17409.7
17409.7
17409.7
17409.7
17409.7
17409.7
17409.7
17409.7
17409.7
17409.7
17409.7
17409.7
17409.7
17409.7
17409.7
17409.7
17409.7
17409.7
17409.7
17409.7
17409.7
17409.7
17409.7
17409.7
17409.7
17409.7
17409.7
17409.7
17409.7
17409.7
17409.7
17409.7
17409.7
17409.7
17409.7
17409.7
17409.7
17409.7
17409.7
17409.7
17409.7
17409.7
17409.7
17409.7
17409.7
17409.7
17409.7
17409.7
17409.7
17409.7
17409.7
17409.7
17409.7
17409.7
17409.7
17409.7
17409.7
17409.7
17409.7
17409.7
17409.7
17409.7
17409.7
17409.7
17409.7
17409.7
17409.7
17409.7
17409.7
17409.7
17409.7
17409.7
17409.7
14922.6
14922.6
14922.6
14922.6
14922.6
14922.6
14922.6
14922.6
14922.6
14922.6
14922.6
14922.6
14922.6
14922.6
14922.6
14922.6
14922.6
14922.6
14922.6
14922.6
14922.6
14922.6
14922.6
14922.6
14922.6
14922.6
14922.6
14922.6
14922.6
14922.6
14922.6
14922.6
14922.6
14922.6
14922.6
14922.6
14922.6
14922.6
14922.6
14922.6
14922.6
14922.6
14922.6
14922.6
14922.6
14922.6
14922.6
14922.6
14922.6
14922.6
14922.6
14922.6
14922.6
14922.6
14922.6
14922.6
14922.6
14922.6
14922.6
14922.6
14922.6
14922.6
14922.6
14922.6
14922.6
14922.6
14922.6
14922.6
14922.6
14922.6
14922.6
14922.6
14922.6
14922.6
14922.6
14922.6
14922.6
14922.6
14922.6
14922.6
14922.6
14922.6
14922.6
14922.6
14922.6
14922.6
14922.6
14922.6
14922.6
14922.6
14922.6
14922.6
14922.6
14922.6
14922.6
14922.6
14922.6
14922.6
14922.6
14922.6
14922.6
14922.6
14922.6
14922.6
14922.6
14922.6
14922.6
14922.6
14922.6
14922.6
14922.6
14922.6
14922.6
14922.6
14922.6
14922.6
14922.6
14922.6
14922.6
14922.6
14922.6
14922.6
14922.6
14922.6
14922.6
14922.6
14922.6
14922.6
14922.6
14922.6
14922.6
14922.6
14922.6
14922.6
14922.6
14922.6
14922.6
14922.6
14922.6
14922.6
14922.6
14922.6
14922.6
14922.6
14922.6
14922.6
14922.6
14922.6
14922.6
14922.6
14922.6
14922.6
14922.6
14922.6
14922.6
14922.6
14922.6
14922.6
14922.6
14922.6
14922.6
14922.6
14922.6
14922.6
14922.6
14922.6
14922.6
14922.6
14922.6
14922.6
14922.6
14922.6
14922.6
14922.6
14922.6
14922.6
14922.6
14922.6
14922.6
14922.6
14922.6
14922.6
14922.6
14922.6
14922.6
14922.6
14922.6
14922.6
14922.6
14922.6
14922.6
14922.6
14922.6
14922.6
14922.6
14922.6
14922.6
14922.6
14922.6
14922.6
14922.6
14922.6
14922.6
14922.6
14922.6
14922.6
14922.6
14922.6
14922.6
14922.6
14922.6
14922.6
14922.6
14922.6
14922.6
14922.6
14922.6
14922.6
14922.6
14922.6
14922.6
14922.6
14922.6
14922.6
14922.6
14922.6
14922.6
14922.6
14922.6
14922.6
14922.6
14922.6
14922.6
14922.6
14922.6
14922.6
14922.6
14922.6
14922.6
14922.6
14922.6
14922.6
14922.6
14922.6
14922.6
14922.6
14922.6
14922.6
14922.6
14922.6
14922.6
14922.6
14922.6
14922.6
14922.6
14922.6
14922.6
14922.6
14922.6
14922.6
14922.6
14922.6
14922.6
14922.6
14922.6
14922.6
14922.6
14922.6
14922.6
14922.6
14922.6
14922.6
14922.6
14922.6
14922.6
14922.6
14922.6
14922.6
14922.6
14922.6
14922.6
14922.6
14922.6
14922.6
14922.6
14922.6
14922.6
14922.6
14922.6
14922.6
14922.6
14922.6
14922.6
14922.6
14922.6
14922.6
14922.6
14922.6
14922.6
14922.6
14922.6
14922.6
14922.6
14922.6
14922.6
14922.6
14922.6
14922.6
14922.6
14922.6
14922.6
14922.6
14922.6
14922.6
14922.6
14922.6
14922.6
14922.6
14922.6
14922.6
14922.6
14922.6
14922.6
14922.6
14922.6
14922.6
14922.6
14922.6
14922.6
14922.6
14922.6
14922.6
14922.6
14922.6
14922.6
14922.6
14922.6
14922.6
12435.5
12435.5
12435.5
12435.5
12435.5
12435.5
12435.5
12435.5
12435.5
12435.5
12435.5
12435.5
12435.5
12435.5
12435.5
12435.5
12435.5
12435.5
12435.5
12435.5
12435.5
12435.5
12435.5
12435.5
12435.5
12435.5
12435.5
12435.5
12435.5
12435.5
12435.5
12435.5
12435.5
12435.5
12435.5
12435.5
12435.5
12435.5
12435.5
12435.5
12435.5
12435.5
12435.5
12435.5
12435.5
12435.5
12435.5
12435.5
12435.5
12435.5
12435.5
12435.5
12435.5
12435.5
12435.5
12435.5
12435.5
12435.5
12435.5
12435.5
12435.5
12435.5
12435.5
12435.5
12435.5
12435.5
12435.5
12435.5
12435.5
12435.5
12435.5
12435.5
12435.5
12435.5
12435.5
12435.5
12435.5
12435.5
12435.5
12435.5
12435.5
12435.5
12435.5
12435.5
12435.5
12435.5
12435.5
12435.5
12435.5
12435.5
12435.5
12435.5
12435.5
12435.5
12435.5
12435.5
12435.5
12435.5
12435.5
12435.5
12435.5
12435.5
12435.5
12435.5
12435.5
12435.5
12435.5
12435.5
12435.5
12435.5
12435.5
12435.5
12435.5
12435.5
12435.5
12435.5
12435.5
12435.5
12435.5
12435.5
12435.5
12435.5
12435.5
12435.5
12435.5
12435.5
12435.5
12435.5
12435.5
12435.5
12435.5
12435.5
12435.5
12435.5
12435.5
12435.5
12435.5
12435.5
12435.5
12435.5
12435.5
12435.5
12435.5
12435.5
12435.5
12435.5
12435.5
12435.5
12435.5
12435.5
12435.5
12435.5
12435.5
12435.5
12435.5
12435.5
12435.5
12435.5
12435.5
12435.5
12435.5
12435.5
12435.5
12435.5
12435.5
12435.5
12435.5
12435.5
12435.5
12435.5
12435.5
12435.5
12435.5
12435.5
12435.5
12435.5
12435.5
12435.5
12435.5
12435.5
12435.5
12435.5
12435.5
12435.5
12435.5
12435.5
12435.5
12435.5
12435.5
12435.5
12435.5
12435.5
12435.5
12435.5
12435.5
12435.5
12435.5
12435.5
12435.5
12435.5
12435.5
12435.5
12435.5
12435.5
12435.5
12435.5
12435.5
12435.5
12435.5
12435.5
12435.5
12435.5
12435.5
12435.5
12435.5
12435.5
12435.5
12435.5
12435.5
12435.5
12435.5
12435.5
12435.5
12435.5
12435.5
12435.5
12435.5
12435.5
12435.5
12435.5
12435.5
12435.5
12435.5
12435.5
12435.5
12435.5
12435.5
12435.5
12435.5
12435.5
12435.5
12435.5
12435.5
12435.5
12435.5
12435.5
12435.5
12435.5
12435.5
12435.5
12435.5
12435.5
12435.5
12435.5
12435.5
12435.5
12435.5
12435.5
12435.5
12435.5
12435.5
12435.5
12435.5
12435.5
12435.5
12435.5
12435.5
12435.5
12435.5
12435.5
12435.5
12435.5
12435.5
12435.5
12435.5
12435.5
12435.5
12435.5
12435.5
12435.5
12435.5
12435.5
12435.5
12435.5
12435.5
12435.5
12435.5
12435.5
12435.5
12435.5
12435.5
12435.5
12435.5
12435.5
12435.5
12435.5
12435.5
12435.5
12435.5
12435.5
12435.5
12435.5
12435.5
12435.5
12435.5
12435.5
12435.5
12435.5
12435.5
12435.5
12435.5
12435.5
12435.5
12435.5
12435.5
12435.5
12435.5
12435.5
12435.5
12435.5
12435.5
12435.5
12435.5
12435.5
12435.5
12435.5
12435.5
12435.5
12435.5
12435.5
12435.5
12435.5
12435.5
12435.5
12435.5
12435.5
12435.5
12435.5
12435.5
12435.5
12435.5
12435.5
12435.5
12435.5
12435.5
12435.5
12435.5
12435.5
12435.5
12435.5
12435.5
12435.5
12435.5
12435.5
12435.5
12435.5
12435.5
12435.5
12435.5
12435.5
12435.5
12435.5
12435.5
12435.5
12435.5
12435.5
12435.5
12435.5
12435.5
12435.5
12435.5
12435.5
12435.5
12435.5
12435.5
12435.5
12435.5
12435.5
12435.5
12435.5
12435.5
12435.5
12435.5
12435.5
12435.5
12435.5
12435.5
12435.5
12435.5
12435.5
12435.5
12435.5
12435.5
12435.5
12435.5
12435.5
12435.5
12435.5
12435.5
12435.5
12435.5
12435.5
12435.5
12435.5
12435.5
12435.5
12435.5
12435.5
12435.5
12435.5
12435.5
12435.5
12435.5
12435.5
12435.5
12435.5
12435.5
12435.5
12435.5
12435.5
12435.5
12435.5
12435.5
12435.5
12435.5
12435.5
12435.5
12435.5
12435.5
12435.5
12435.5
12435.5
12435.5
12435.5
12435.5
12435.5
12435.5
12435.5
12435.5
12435.5
12435.5
12435.5
12435.5
12435.5
12435.5
12435.5
12435.5
12435.5
12435.5
12435.5
12435.5
12435.5
12435.5
12435.5
12435.5
12435.5
12435.5
12435.5
12435.5
12435.5
12435.5
12435.5
12435.5
12435.5
12435.5
12435.5
12435.5
12435.5
12435.5
12435.5
12435.5
12435.5
12435.5
